1 1 150 293 29 22 -1 -1 -1 0 
2 1 149.171 292.132 28.9608 22 -1 -1 -1 0 
3 1 150.126 291.984 27.8577 21.2204 -1 -1 -1 0 
4 1 149.922 291.178 27.2565 20.9774 -1 -1 -1 0 
5 1 150.044 290.943 26.8991 20.92 -1 -1 -1 0 
6 1 149.49 289.441 27.3953 21.6374 -1 -1 -1 0 
7 1 148.812 288.249 28.0656 22.5815 -1 -1 -1 0 
8 1 148.944 288.516 27.941 22.9234 -1 -1 -1 0 
9 1 149.97 288.652 27.6005 23.0437 -1 -1 -1 0 
10 1 150.674 288.729 27.1619 23.0796 -1 -1 -1 0 
11 1 151.751 288.777 26.8541 23.0849 -1 -1 -1 0 
12 1 150.897 288.147 27.9982 24.4094 -1 -1 -1 0 
13 1 151.481 288.568 27.5192 24.2484 -1 -1 -1 0 
14 1 152.372 288.755 27.3232 24.1686 -1 -1 -1 0 
15 1 152.862 288.837 27.0927 24.1288 -1 -1 -1 0 
16 1 153.224 288.877 26.1629 23.4466 -1 -1 -1 0 
17 1 153.398 288.235 27.0974 24.5112 -1 -1 -1 0 
18 1 153.61 288.003 27.288 24.8982 -1 -1 -1 0 
19 1 153.878 287.923 26.515 24.3876 -1 -1 -1 0 
20 1 153.615 287.241 25.9089 24.1787 -1 -1 -1 0 
21 1 153.242 286.993 25.2889 24.0954 -1 -1 -1 0 
22 1 153.99 287.571 24.1669 23.3993 -1 -1 -1 0 
23 1 154.292 288.471 23.7253 23.1311 -1 -1 -1 0 
24 1 154.495 288.809 23.4747 23.0324 -1 -1 -1 0 
25 1 154.082 288.936 23.2092 22.9969 -1 -1 -1 0 
26 1 154.052 288.983 22.9893 22.9852 -1 -1 -1 0 
27 1 154.632 290.991 21.6588 21.6554 -1 -1 -1 0 
28 1 155.446 291.756 21.2486 21.1505 -1 -1 -1 0 
29 1 155.987 292.697 21.5364 20.9759 -1 -1 -1 0 
30 1 155.932 293.028 21.8981 20.9205 -1 -1 -1 0 
31 1 154.896 293.135 23.0483 21.5778 -1 -1 -1 0 
32 1 153.78 293.165 23.5469 21.8243 -1 -1 -1 0 
33 1 153.225 293.162 23.8663 21.922 -1 -1 -1 0 
34 1 152.996 293.148 24.0083 21.9611 -1 -1 -1 0 
35 1 153.474 293.133 23.5006 21.3166 -1 -1 -1 0 
36 1 154.187 293.784 22.7807 20.4042 -1 -1 -1 0 
37 1 153.66 294.016 23.3083 20.7461 -1 -1 -1 0 
38 1 153.292 294.093 23.6776 20.8724 -1 -1 -1 0 
39 1 152.386 293.449 24.5862 21.5876 -1 -1 -1 0 
40 1 151.993 293.203 24.9819 21.8567 -1 -1 -1 0 
41 1 151.796 293.102 25.1814 21.9602 -1 -1 -1 0 
42 1 151.681 293.06 25.299 21.9986 -1 -1 -1 0 
43 1 151.602 293.042 25.3808 22.0118 -1 -1 -1 0 
44 1 150.617 292.374 27.0269 23.333 -1 -1 -1 0 
45 1 151.639 292.125 26.2508 22.5353 -1 -1 -1 0 
46 1 150.285 291.364 26.3742 22.868 -1 -1 -1 0 
47 1 149.934 290.429 26.9244 23.6441 -1 -1 -1 0 
48 1 149.996 290.078 26.9398 23.935 -1 -1 -1 0 
49 1 150.897 290.602 25.4193 22.738 -1 -1 -1 0 
50 1 150.701 289.483 25.3742 22.9278 -1 -1 -1 0 
51 1 150.869 289.079 25.1208 22.9957 -1 -1 -1 0 
52 1 150.397 288.277 25.5641 23.6781 -1 -1 -1 0 
53 1 150.391 287.331 25.5627 23.9327 -1 -1 -1 0 
54 1 149.942 286.979 26.0129 24.6799 -1 -1 -1 0 
55 1 151.69 287.506 24.9163 23.6621 -1 -1 -1 0 
56 1 151.996 288.402 24.8713 23.9141 -1 -1 -1 0 
57 1 152.28 288.737 24.6835 24.0045 -1 -1 -1 0 
61 1 152.634 286.898 24.3644 24.0352 -1 -1 -1 0 
62 1 152.393 286.205 23.9596 24.0431 -1 -1 -1 0 
63 1 152.521 285.953 23.5857 24.0427 -1 -1 -1 0 
64 1 152.771 287.189 23.2446 24.0395 -1 -1 -1 0 
65 1 153.597 287.009 22.3863 23.376 -1 -1 -1 0 
66 1 153.455 286.281 21.8518 23.1203 -1 -1 -1 0 
67 1 153.652 286.018 21.4066 23.0263 -1 -1 -1 0 
68 1 155.508 288.586 19.463 20.9996 -1 -1 -1 0 
69 1 155.798 288.899 19.1503 20.9143 -1 -1 -1 0 
70 1 155.742 289.68 19.201 20.8901 -1 -1 -1 0 
71 1 154.735 290.632 20.8812 22.232 -1 -1 -1 0 
72 1 154.107 290.975 21.7562 22.7234 -1 -1 -1 0 
73 1 153.736 291.096 22.2229 22.916 -1 -1 -1 0 
74 1 153.351 291.13 22.6447 22.9886 -1 -1 -1 0 
75 1 153.567 291.79 22.4408 22.3567 -1 -1 -1 0 
76 1 154.103 292.029 21.9085 21.4467 -1 -1 -1 0 
77 1 154.11 292.105 21.9016 21.1078 -1 -1 -1 0 
78 1 153.928 292.123 22.0832 20.9886 -1 -1 -1 0 
79 1 153.692 292.12 22.3182 20.9498 -1 -1 -1 0 
80 1 152.271 292.11 23.071 21.607 -1 -1 -1 0 
81 1 151.619 292.1 23.4764 21.8531 -1 -1 -1 0 
82 1 151.295 292.09 23.7088 21.9486 -1 -1 -1 0 
83 1 150.498 291.42 24.4745 22.644 -1 -1 -1 0 
84 1 150.193 291.165 24.7695 22.9046 -1 -1 -1 0 
85 1 151.695 291.719 24.5746 22.3481 -1 -1 -1 0 
86 1 152.675 291.931 22.7764 20.8021 -1 -1 -1 0 
87 1 153.866 291.328 21.9498 20.2139 -1 -1 -1 0 
88 1 153.75 290.435 22.1973 20.6839 -1 -1 -1 0 
89 1 153.991 288.788 22.6648 21.5195 -1 -1 -1 0 
90 1 154.911 288.175 22.0096 21.1816 -1 -1 -1 0 
93 1 154.153 287.287 22.2001 21.714 -1 -1 -1 0 
94 1 154.724 286.966 22.0711 21.9118 -1 -1 -1 0 
95 1 155.584 287.516 22.0357 21.9862 -1 -1 -1 0 
96 1 155.404 287.739 21.8669 22.0127 -1 -1 -1 0 
97 1 155.339 287.834 21.7935 22.0209 -1 -1 -1 0 
98 1 155.451 287.878 21.6257 22.0222 -1 -1 -1 0 
99 1 154.363 287.243 22.029 22.6803 -1 -1 -1 0 
100 1 154.728 287.661 21.4059 22.2738 -1 -1 -1 0 
101 1 155.536 288.496 20.498 21.4489 -1 -1 -1 0 
102 1 156.451 288.819 19.5464 20.4649 -1 -1 -1 0 
103 1 156.796 289.617 19.1907 20.1029 -1 -1 -1 0 
104 1 158.117 291.25 17.8666 18.6318 -1 -1 -1 0 
105 1 158.564 292.544 17.4208 18.0932 -1 -1 -1 0 
106 1 158.389 293.67 17.5978 17.9161 -1 -1 -1 0 
107 1 158.142 293.379 18.5245 18.5439 -1 -1 -1 0 
108 1 158.336 293.927 18.5753 18.1136 -1 -1 -1 0 
109 1 155.923 293.439 21.0777 19.9828 -1 -1 -1 0 
110 1 154.137 293.267 22.8965 21.2883 -1 -1 -1 0 
111 1 153.728 293.188 23.9543 21.8035 -1 -1 -1 0 
112 1 152.707 292.5 25.2309 22.647 -1 -1 -1 0 
113 1 152.123 292.228 25.9085 22.967 -1 -1 -1 0 
114 1 151.732 292.116 26.3308 23.0825 -1 -1 -1 0 
115 1 151.434 292.068 26.6352 23.1174 -1 -1 -1 0 
116 1 151.823 292.047 26.2447 22.4701 -1 -1 -1 0 
117 1 149.071 290.715 28.3293 24.1916 -1 -1 -1 0 
118 1 148.118 289.59 29.0383 24.8191 -1 -1 -1 0 
119 1 148.246 288.5 28.1674 24.4122 -1 -1 -1 0 
120 1 149.258 288.734 26.8623 23.5803 -1 -1 -1 0 
121 1 149.266 288.836 26.0815 23.2497 -1 -1 -1 0 
122 1 148.772 288.219 26.9535 24.4456 -1 -1 -1 0 
123 1 150.087 288.642 25.7809 23.5911 -1 -1 -1 0 
124 1 150.741 288.824 25.1887 23.237 -1 -1 -1 0 
125 1 152.381 289.562 24.2395 22.4373 -1 -1 -1 0 
126 1 153.044 289.845 23.8379 22.1335 -1 -1 -1 0 
127 1 154.416 290.619 23.23 21.3549 -1 -1 -1 0 
128 1 150.339 290.907 25.5652 23.7674 -1 -1 -1 0 
129 1 151.042 291.649 24.2499 22.6966 -1 -1 -1 0 
132 1 152.234 291.945 22.8129 21.5748 -1 -1 -1 0 
136 1 156.985 292.047 22.0306 20.4797 -1 -1 -1 0 
137 1 158.53 292.075 21.9394 20.085 -1 -1 -1 0 
138 1 158.885 292.079 22.0928 19.9512 -1 -1 -1 0 
139 1 159.46 292.746 21.6856 19.2385 -1 -1 -1 0 
140 1 158.763 292.987 21.7411 18.9852 -1 -1 -1 0 
141 1 159.057 293.742 21.2012 18.2284 -1 -1 -1 0 
142 1 158.472 294.009 20.3154 17.2812 -1 -1 -1 0 
143 1 157.516 293.401 20.7295 17.6461 -1 -1 -1 0 
144 1 157.183 293.185 20.8739 17.7804 -1 -1 -1 0 
145 1 155.709 293.099 21.612 18.5121 -1 -1 -1 0 
146 1 154.572 293.064 21.8226 18.7877 -1 -1 -1 0 
147 1 153.538 292.388 22.5094 19.5577 -1 -1 -1 0 
148 1 153.27 292.132 22.6541 19.849 -1 -1 -1 0 
149 1 152.719 292.034 22.5139 19.9614 -1 -1 -1 0 
150 1 152.661 291.997 22.3172 20.0029 -1 -1 -1 0 
151 1 152.78 291.985 22.1124 20.0169 -1 -1 -1 0 
152 1 152.391 291.982 21.8215 20.0206 -1 -1 -1 0 
153 1 153.028 291.982 20.9382 19.3623 -1 -1 -1 0 
154 1 152.605 291.316 21.9496 20.4441 -1 -1 -1 0 
155 1 151.948 291.076 22.8219 21.4836 -1 -1 -1 0 
156 1 151.838 290.986 23.0217 21.8831 -1 -1 -1 0 
157 1 152.511 291.603 22.3913 21.3846 -1 -1 -1 0 
158 1 152.721 291.192 22.8626 21.838 -1 -1 -1 0 
159 1 152.834 291.039 22.3556 21.3525 -1 -1 -1 0 
160 1 152.862 290.323 22.8379 21.8163 -1 -1 -1 0 
161 1 151.362 289.407 23.2228 22.6386 -1 -1 -1 0 
162 1 151.058 289.062 23.1034 22.9479 -1 -1 -1 0 
163 1 151.745 288.937 22.2559 22.4099 -1 -1 -1 0 
164 1 152.087 288.9 21.8593 22.1896 -1 -1 -1 0 
165 1 152.319 288.894 21.6125 22.1018 -1 -1 -1 0 
166 1 152.5 288.899 21.4316 22.0648 -1 -1 -1 0 
167 1 152.557 288.909 21.3794 22.0476 -1 -1 -1 0 
168 1 152.604 288.918 21.3383 22.0383 -1 -1 -1 0 
169 1 152.645 288.927 21.3035 22.0324 -1 -1 -1 0 
170 1 152.681 288.936 21.273 22.028 -1 -1 -1 0 
171 1 153.184 288.943 21.4365 22.0245 -1 -1 -1 0 
172 1 153.289 288.95 21.5847 22.0215 -1 -1 -1 0 
173 1 152.603 288.296 22.366 22.6793 -1 -1 -1 0 
174 1 152.271 288.053 22.7325 22.9244 -1 -1 -1 0 
175 1 152.639 287.965 23.0308 23.0147 -1 -1 -1 0 
176 1 152.477 287.938 22.7903 22.3885 -1 -1 -1 0 
177 1 151.646 287.269 23.4611 22.8076 -1 -1 -1 0 
178 1 150.537 286.371 24.5102 23.6169 -1 -1 -1 0 
179 1 150.017 286.036 24.357 23.2715 -1 -1 -1 0 
180 1 149.718 285.918 24.3917 23.1283 -1 -1 -1 0 
181 1 150.106 286.544 23.9063 22.4106 -1 -1 -1 0 
182 1 148.849 285.459 24.4622 22.802 -1 -1 -1 0 
183 1 145.746 283.75 26.6522 24.9194 -1 -1 -1 0 
184 1 145.67 283.117 27.0275 25.0683 -1 -1 -1 0 
185 1 144.494 282.884 26.388 24.4639 -1 -1 -1 0 
186 1 144.659 282.816 25.5259 23.5569 -1 -1 -1 0 
187 1 143.545 282.809 25.0573 23.2062 -1 -1 -1 0 
188 1 142.153 282.819 24.549 23.0749 -1 -1 -1 0 
189 1 142.359 282.836 23.6541 22.3617 -1 -1 -1 0 
190 1 142.442 282.857 23.3434 22.0924 -1 -1 -1 0 
191 1 142.507 282.874 23.2186 21.9966 -1 -1 -1 0 
192 1 142.562 282.889 23.164 21.9649 -1 -1 -1 0 
193 1 143.211 282.903 22.5361 21.2914 -1 -1 -1 0 
194 1 142.95 282.244 22.1553 21.0423 -1 -1 -1 0 
195 1 142.318 281.338 22.5689 21.6277 -1 -1 -1 0 
196 1 142.207 281.013 22.6112 21.8458 -1 -1 -1 0 
197 1 142.747 280.901 22.7221 21.9319 -1 -1 -1 0 
198 1 142.953 280.871 22.7773 21.9663 -1 -1 -1 0 
199 1 141.874 280.209 23.3036 22.6413 -1 -1 -1 0 
200 1 142.147 279.969 22.8295 22.241 -1 -1 -1 0 
201 1 142.962 279.891 22.6115 22.0829 -1 -1 -1 0 
202 1 143.21 279.872 22.5958 22.0237 -1 -1 -1 0 
203 1 142.608 279.213 23.2902 22.6638 -1 -1 -1 0 
204 1 142.27 278.974 23.6649 22.9025 -1 -1 -1 0 
205 1 140.938 278.238 24.3595 23.6475 -1 -1 -1 0 
206 1 140.953 277.968 24.1047 23.2779 -1 -1 -1 0 
207 1 141.006 277.878 23.9651 23.1262 -1 -1 -1 0 
208 1 141.045 277.857 23.2383 22.4061 -1 -1 -1 0 
209 1 140.984 277.862 22.3781 21.4622 -1 -1 -1 0 
210 1 140.91 277.877 22.1184 21.1117 -1 -1 -1 0 
211 1 140.256 277.89 21.9892 20.9886 -1 -1 -1 0 
212 1 139.352 277.234 21.9472 20.9487 -1 -1 -1 0 
213 1 138.423 276.998 22.5379 21.6063 -1 -1 -1 0 
214 1 138.168 276.917 22.0219 21.1952 -1 -1 -1 0 
215 1 136.87 276.232 22.377 21.7052 -1 -1 -1 0 
216 1 136.499 275.985 22.4129 21.8947 -1 -1 -1 0 
217 1 135.803 274.586 22.3425 21.9674 -1 -1 -1 0 
218 1 135.045 272.748 23.4872 23.3124 -1 -1 -1 0 
219 1 133.698 271.426 24.3426 24.4566 -1 -1 -1 0 
220 1 133.996 270.927 23.8653 24.2569 -1 -1 -1 0 
221 1 134.187 270.761 22.9726 23.5112 -1 -1 -1 0 
222 1 134.367 270.726 22.5406 23.2144 -1 -1 -1 0 
223 1 134.513 271.393 21.6546 22.4385 -1 -1 -1 0 
224 1 134.657 271.669 21.2496 22.1417 -1 -1 -1 0 
225 1 135.337 272.451 20.4901 21.3662 -1 -1 -1 0 
226 1 134.967 272.085 20.85 21.7515 -1 -1 -1 0 
227 1 134.845 271.957 20.9775 21.8937 -1 -1 -1 0 
228 1 135.357 272.579 20.4817 21.2881 -1 -1 -1 0 
229 1 135.522 272.826 20.3378 21.0598 -1 -1 -1 0 
230 1 134.807 272.252 21.0701 21.6481 -1 -1 -1 0 
232 1 133.026 272.044 20.8888 21.209 -1 -1 -1 0 
461 3 120.21 165.2 14.7902 14.8 -1 -1 -1 0 
462 3 120.078 165.049 14.9223 14.9514 -1 -1 -1 0 
463 3 119.315 164.228 15.6854 15.7718 -1 -1 -1 0 
464 3 118.404 163.242 16.5958 16.7576 -1 -1 -1 0 
465 3 116.826 161.529 17.4828 17.7803 -1 -1 -1 0 
466 3 116.924 160.914 17.7982 18.1384 -1 -1 -1 0 
467 3 117.018 161.385 17.2054 17.5764 -1 -1 -1 0 
468 3 116.52 160.938 17.514 17.9978 -1 -1 -1 0 
469 3 116.941 160.79 17.6869 18.1409 -1 -1 -1 0 
470 3 117.106 160.758 17.756 18.1776 -1 -1 -1 0 
471 3 117.733 160.767 17.2199 17.5157 -1 -1 -1 0 
472 3 117.521 160.125 18.1369 18.5819 -1 -1 -1 0 
473 3 118.165 160.543 17.748 18.3185 -1 -1 -1 0 
474 3 117.86 160.074 18.1493 18.8548 -1 -1 -1 0 
475 3 117.73 159.907 18.3115 19.0494 -1 -1 -1 0 
476 3 117.137 159.856 18.2609 19.1132 -1 -1 -1 0 
477 3 117.54 159.849 18.2603 19.1268 -1 -1 -1 0 
478 3 117.71 159.857 18.2433 19.1223 -1 -1 -1 0 
479 3 117.787 159.214 18.2218 19.112 -1 -1 -1 0 
480 3 117.827 158.978 18.2001 19.1004 -1 -1 -1 0 
481 3 116.837 157.583 18.5371 19.7469 -1 -1 -1 0 
482 3 115.788 157.066 18.6895 19.9858 -1 -1 -1 0 
483 3 116.825 156.881 18.6088 20.0701 -1 -1 -1 0 
484 3 117.32 156.172 18.4858 20.0941 -1 -1 -1 0 
485 3 118.205 156.57 17.7422 19.4404 -1 -1 -1 0 
486 3 118.006 156.079 17.9943 19.8448 -1 -1 -1 0 
487 3 118.97 155.907 17.7032 19.3363 -1 -1 -1 0 
488 3 118.74 155.193 18.1903 19.7979 -1 -1 -1 0 
489 3 118.665 154.283 19.0126 20.6216 -1 -1 -1 0 
490 3 119.341 153.947 19.2641 20.9315 -1 -1 -1 0 
491 3 119.015 153.183 19.9444 21.6958 -1 -1 -1 0 
492 3 118.995 152.903 20.092 21.9825 -1 -1 -1 0 
493 3 118.301 152.163 20.1748 22.0844 -1 -1 -1 0 
494 3 116.923 150.59 21.3066 23.4171 -1 -1 -1 0 
495 3 116.453 150.004 21.6813 23.916 -1 -1 -1 0 
496 3 115.815 149.152 22.2752 24.7437 -1 -1 -1 0 
497 3 115.711 148.196 22.9999 25.6955 -1 -1 -1 0 
498 3 115.75 147.841 23.2006 26.0551 -1 -1 -1 0 
499 3 115.708 146.438 23.975 26.8233 -1 -1 -1 0 
500 3 115.068 145.912 24.8944 27.7493 -1 -1 -1 0 
501 3 114.87 145.727 25.1943 28.0963 -1 -1 -1 0 
502 3 114.808 145.681 25.2887 28.2131 -1 -1 -1 0 
503 3 115.389 145.686 24.7126 27.5923 -1 -1 -1 0 
504 3 115.635 145.713 24.4599 27.3298 -1 -1 -1 0 
505 3 115.742 145.742 24.3438 27.2177 -1 -1 -1 0 
506 3 115.138 145.769 24.2818 27.1644 -1 -1 -1 0 
507 3 114.825 145.138 24.3378 27.1345 -1 -1 -1 0 
508 3 114.727 144.254 24.9937 27.7727 -1 -1 -1 0 
509 3 115.286 143.932 23.9919 26.7027 -1 -1 -1 0 
510 3 115.532 143.832 23.5686 26.2702 -1 -1 -1 0 
511 3 115.702 143.145 23.9978 26.7722 -1 -1 -1 0 
512 3 115.236 142.245 25.3417 28.2709 -1 -1 -1 0 
513 3 115.005 141.27 25.2569 28.1869 -1 -1 -1 0 
514 3 115.422 140.253 24.7062 27.4851 -1 -1 -1 0 
515 3 116.56 140.551 23.5117 25.8794 -1 -1 -1 0 
516 3 116.872 140.02 23.1738 25.2653 -1 -1 -1 0 
517 3 115.758 139.844 23.6037 25.7184 -1 -1 -1 0 
518 3 115.86 139.793 23.2515 25.2242 -1 -1 -1 0 
519 3 117.042 139.796 22.6452 24.3697 -1 -1 -1 0 
520 3 117.923 139.817 21.981 23.3814 -1 -1 -1 0 
521 3 117.559 139.161 22.4235 23.7083 -1 -1 -1 0 
522 3 117.347 138.935 22.6631 23.8317 -1 -1 -1 0 
523 3 118.903 139.531 21.1155 21.8882 -1 -1 -1 0 
524 3 119.442 139.784 20.5761 21.1559 -1 -1 -1 0 
525 3 120.211 139.195 20.4897 20.9135 -1 -1 -1 0 
526 3 121.522 139.67 19.4205 19.485 -1 -1 -1 0 
527 3 121.309 139.165 19.0214 18.9831 -1 -1 -1 0 
528 3 121.157 138.995 18.9562 18.8274 -1 -1 -1 0 
529 3 119.849 138.26 20.1871 20.1537 -1 -1 -1 0 
530 3 120.104 138.001 19.2473 19.3149 -1 -1 -1 0 
531 3 120.141 137.918 18.9416 19.0018 -1 -1 -1 0 
532 3 120.146 137.222 19.5184 19.5744 -1 -1 -1 0 
538 3 120.798 137.638 18.4167 18.4645 -1 -1 -1 0 
541 3 122.111 137.818 18.294 18.0498 -1 -1 -1 0 
544 3 121.411 135.857 20.0981 19.9443 -1 -1 -1 0 
759 3 127.09 137.666 21.4625 21.8501 -1 -1 -1 0 
760 3 128.331 138.533 20.7527 21.34 -1 -1 -1 0 
761 3 128.323 138.849 20.2765 21.151 -1 -1 -1 0 
762 3 128.439 138.965 19.9601 21.0775 -1 -1 -1 0 
763 3 128.059 138.349 20.2445 21.7058 -1 -1 -1 0 
764 3 128.574 138.768 19.6814 21.2884 -1 -1 -1 0 
765 3 128.218 138.932 19.9967 21.7808 -1 -1 -1 0 
766 3 127.602 138.992 19.9357 21.9622 -1 -1 -1 0 
767 3 127.471 139.013 19.7937 22.0275 -1 -1 -1 0 
768 3 127.417 139.676 19.7344 22.048 -1 -1 -1 0 
769 3 127.478 139.926 18.9668 21.3944 -1 -1 -1 0 
770 3 127.488 140.017 18.6792 21.1394 -1 -1 -1 0 
771 3 127.522 140.046 18.5403 21.0442 -1 -1 -1 0 
772 3 127.062 140.052 18.9608 21.6726 -1 -1 -1 0 
773 3 127.521 140.052 19.1411 21.9062 -1 -1 -1 0 
774 3 127.712 140.048 19.1959 21.9937 -1 -1 -1 0 
775 3 127.139 140.043 19.2029 22.0241 -1 -1 -1 0 
776 3 126.834 140.038 19.2892 22.0328 -1 -1 -1 0 
777 3 126.679 140.692 19.3608 22.0334 -1 -1 -1 0 
778 3 126.725 140.938 20.6021 23.3493 -1 -1 -1 0 
779 3 126.145 141.027 21.0159 23.8375 -1 -1 -1 0 
780 3 126.384 141.704 21.3544 24.0215 -1 -1 -1 0 
781 3 125.897 141.962 22.0625 24.7356 -1 -1 -1 0 
782 3 125.672 142.055 22.3666 25.0015 -1 -1 -1 0 
783 3 125.554 142.084 22.5107 25.0946 -1 -1 -1 0 
784 3 125.384 142.088 22.6847 25.1204 -1 -1 -1 0 
785 3 125.244 142.083 22.8216 25.121 -1 -1 -1 0 
786 3 125.026 142.076 23.0334 25.1128 -1 -1 -1 0 
787 3 124.832 142.068 23.2217 25.1021 -1 -1 -1 0 
788 3 124.045 142.061 24.0032 25.7482 -1 -1 -1 0 
789 3 121.982 142.055 24.1079 25.9871 -1 -1 -1 0 
792 3 120.658 142.049 23.3674 25.4178 -1 -1 -1 0 
797 3 119.38 144.027 21.2082 23.203 -1 -1 -1 0 
798 3 119.415 145.464 19.878 21.6612 -1 -1 -1 0 
800 3 118.868 145.962 19.9933 21.8063 -1 -1 -1 0 
808 3 121.719 151.503 17.0066 18.502 -1 -1 -1 0 
809 3 122.858 153.604 15.8888 17.2466 -1 -1 -1 0 
810 3 122.068 153.535 16.7047 18.2819 -1 -1 -1 0 
811 3 121.314 154.185 16.7945 18.6213 -1 -1 -1 0 
812 3 121.153 154.381 16.7265 18.7688 -1 -1 -1 0 
813 3 121.821 155.083 15.9942 18.1674 -1 -1 -1 0 
814 3 122.182 155.299 15.6325 17.9558 -1 -1 -1 0 
815 3 122.917 156.022 14.9107 17.2156 -1 -1 -1 0 
816 3 122.627 155.567 15.2233 17.6402 -1 -1 -1 0 
817 3 122.462 155.391 15.4022 17.7967 -1 -1 -1 0 
818 3 121.883 155.301 15.9963 18.5309 -1 -1 -1 0 
819 3 121.694 155.255 16.1972 18.8077 -1 -1 -1 0 
820 3 122.129 155.877 15.7741 18.2606 -1 -1 -1 0 
821 3 122.771 156.095 15.1458 17.3851 -1 -1 -1 0 
822 3 122.444 155.48 15.4854 17.7407 -1 -1 -1 0 
823 3 122.828 156.579 14.446 16.5462 -1 -1 -1 0 
824 3 122.88 156.983 14.1504 16.0946 -1 -1 -1 0 
825 3 122.26 157.114 14.0106 15.943 -1 -1 -1 0 
826 3 121.458 157.148 13.8705 15.8978 -1 -1 -1 0 
827 3 121.221 157.148 13.7736 15.8909 -1 -1 -1 0 
828 3 122.259 157.806 13.295 15.2275 -1 -1 -1 0 
829 3 121.511 158.038 13.5909 15.6701 -1 -1 -1 0 
830 3 121.298 158.115 13.6481 15.8314 -1 -1 -1 0 
831 3 121.267 158.131 13.6312 15.899 -1 -1 -1 0 
1121 4 138.508 285 19.2918 21.2 -1 -1 -1 0 
1122 4 139.599 285 19.9173 21.824 -1 -1 -1 0 
1123 4 139.212 285 20.8634 22.7981 -1 -1 -1 0 
1124 4 140.33 285 20.614 22.3657 -1 -1 -1 0 
1125 4 139.963 285 21.2312 22.8989 -1 -1 -1 0 
1126 4 140.316 285 20.9372 22.3754 -1 -1 -1 0 
1127 4 139.703 284.305 21.5336 22.8586 -1 -1 -1 0 
1128 4 140.013 284.735 21.2014 22.3484 -1 -1 -1 0 
1129 4 140.026 284.904 21.1557 22.1443 -1 -1 -1 0 
1130 4 139.355 284.967 21.8008 22.7417 -1 -1 -1 0 
1131 4 139.616 285.654 21.521 22.2946 -1 -1 -1 0 
1132 4 139.707 285.917 21.4099 22.116 -1 -1 -1 0 
1133 4 139.698 286.01 21.4019 22.0477 -1 -1 -1 0 
1134 4 141.603 287.374 19.4839 20.0207 -1 -1 -1 0 
1135 4 143.578 288.582 18.1844 18.5496 -1 -1 -1 0 
1147 4 146.153 293.871 16.5362 16.652 -1 -1 -1 0 
1148 4 146.287 295.7 16 16.0121 -1 -1 -1 0 
1149 4 147.557 296.269 15.2904 15.1187 -1 -1 -1 0 
1150 4 147.856 296.402 15.1747 14.8412 -1 -1 -1 0 
1151 4 147.126 296.41 15.9587 15.4655 -1 -1 -1 0 
1152 4 147.459 297.068 15.6388 15.019 -1 -1 -1 0 
1153 4 147.381 297.267 15.7092 14.8758 -1 -1 -1 0 
1154 4 147.8 297.309 17.9993 16.8794 -1 -1 -1 0 
1155 4 146.247 297.332 19.2206 18.215 -1 -1 -1 0 
1161 4 146.552 298.235 22.3648 21.7198 -1 -1 -1 0 
1162 4 146.868 298.875 20.9868 20.7084 -1 -1 -1 0 
1163 4 147.118 299.105 20.2987 20.3001 -1 -1 -1 0 
1164 4 147.989 299.178 19.9117 20.1434 -1 -1 -1 0 
1165 4 147.874 299.192 20.1982 20.7381 -1 -1 -1 0 
1166 4 147.98 299.188 20.1491 20.9583 -1 -1 -1 0 
1167 4 147.614 299.173 20.5255 21.69 -1 -1 -1 0 
1168 4 147.642 299.159 20.4942 21.9643 -1 -1 -1 0 
1169 4 147.695 299.143 20.4303 22.063 -1 -1 -1 0 
1170 4 147.832 299.127 20.9327 22.7451 -1 -1 -1 0 
1171 4 148.558 299.762 20.4451 22.3523 -1 -1 -1 0 
1172 4 149.461 300.001 20.2803 22.1856 -1 -1 -1 0 
1173 4 148.586 301.398 21.4248 23.4313 -1 -1 -1 0 
1174 4 148.399 302.557 22.3518 24.5351 -1 -1 -1 0 
1175 4 148.271 302.999 22.7593 24.9585 -1 -1 -1 0 
1176 4 148.258 303.156 23.5154 25.7572 -1 -1 -1 0 
1177 4 148.832 303.846 23.2183 25.4129 -1 -1 -1 0 
1178 4 149.05 304.099 23.092 25.2578 -1 -1 -1 0 
1179 4 149.778 304.18 23.0411 25.1869 -1 -1 -1 0 
1180 4 150.604 304.196 23.1161 25.1499 -1 -1 -1 0 
1181 4 150.856 304.188 23.1931 25.1268 -1 -1 -1 0 
1182 4 151.967 304.828 22.8486 24.453 -1 -1 -1 0 
1183 4 153.465 304.394 24.2824 25.5153 -1 -1 -1 0 
1184 4 154.279 304.879 24.5353 25.2532 -1 -1 -1 0 
1185 4 153.776 304.397 25.4195 25.7988 -1 -1 -1 0 
1186 4 155.114 304.209 24.856 24.6938 -1 -1 -1 0 
1187 4 155.354 304.123 24.8766 24.2508 -1 -1 -1 0 
1188 4 155.851 304.086 24.451 23.419 -1 -1 -1 0 
1189 4 155.885 304.066 24.4122 23.1079 -1 -1 -1 0 
1190 4 156.993 304.054 23.9512 22.3275 -1 -1 -1 0 
1191 4 156.663 304.045 24.4957 22.7187 -1 -1 -1 0 
1192 4 157.26 304.704 23.9633 22.1999 -1 -1 -1 0 
1193 4 157.344 304.95 23.8772 22.0095 -1 -1 -1 0 
1194 4 157.909 305.705 23.2958 21.2762 -1 -1 -1 0 
1195 4 158.658 305.979 23.1971 21.0114 -1 -1 -1 0 
1196 4 158.227 306.07 23.178 20.924 -1 -1 -1 0 
1197 4 157.943 306.095 23.9537 21.571 -1 -1 -1 0 
1198 4 157.792 306.098 24.2773 21.8139 -1 -1 -1 0 
1199 4 157.123 306.091 24.3396 21.911 -1 -1 -1 0 
1200 4 157.445 306.743 24.4372 21.9507 -1 -1 -1 0 
1201 4 157.058 306.983 24.3146 21.9678 -1 -1 -1 0 
1202 4 156.977 307.065 24.1953 21.9759 -1 -1 -1 0 
1203 4 158.195 307.75 23.5577 21.3196 -1 -1 -1 0 
1204 4 157.974 308 23.9946 21.7412 -1 -1 -1 0 
1205 4 157.903 308.085 24.1403 21.8972 -1 -1 -1 0 
1206 4 157.882 308.108 24.1834 21.958 -1 -1 -1 0 
1207 4 157.881 308.108 24.1879 21.9818 -1 -1 -1 0 
1208 4 158.451 308.1 24.2737 21.9912 -1 -1 -1 0 
1209 4 158.056 308.09 24.2511 21.995 -1 -1 -1 0 
1210 4 159.1 308.74 23.7034 21.3363 -1 -1 -1 0 
1211 4 158.765 308.312 24.2213 21.7549 -1 -1 -1 0 
1212 4 159.028 308.151 22.7047 20.5922 -1 -1 -1 0 
1213 4 159.865 308.756 21.3728 19.4681 -1 -1 -1 0 
1214 4 159.316 308.972 22.4247 20.4308 -1 -1 -1 0 
1215 4 159.743 309.705 22.173 20.1099 -1 -1 -1 0 
1216 4 161.243 309.979 21.4079 19.3237 -1 -1 -1 0 
1217 4 161.163 310.07 21.085 19.0363 -1 -1 -1 0 
1218 4 160.736 310.094 20.6892 18.9398 -1 -1 -1 0 
1219 4 160.089 310.096 21.033 19.5826 -1 -1 -1 0 
1220 4 159.251 309.432 23.0793 21.7989 -1 -1 -1 0 
1221 4 160.56 309.82 20.9492 20.083 -1 -1 -1 0 
1222 4 161.348 309.976 19.8105 19.3462 -1 -1 -1 0 
1223 4 162.401 310.029 19.3039 19.0808 -1 -1 -1 0 
1224 4 162.812 310.044 19.0933 18.9876 -1 -1 -1 0 
1225 4 163.688 310.046 18.9579 18.9574 -1 -1 -1 0 
1226 4 165.591 310.709 17.9951 18.2848 -1 -1 -1 0 
1227 4 167.113 310.955 16.8214 17.3621 -1 -1 -1 0 
1228 4 167.691 311.037 16.3611 17.0318 -1 -1 -1 0 
1229 4 167.955 311.061 16.1304 16.923 -1 -1 -1 0 
1230 4 168.102 311.064 15.9882 16.8933 -1 -1 -1 0 
1231 4 167.68 311.06 17.0758 18.234 -1 -1 -1 0 
1232 4 169.084 313.002 18.5036 20.0172 -1 -1 -1 0 
1233 4 169.072 313.749 19.6031 21.3403 -1 -1 -1 0 
1234 4 169.08 316.576 19.3771 21.2296 -1 -1 -1 0 
1235 4 169.129 317.701 19.21 21.1695 -1 -1 -1 0 
1236 4 168.5 318.114 19.7749 21.7885 -1 -1 -1 0 
1237 4 168.305 318.255 20.5799 22.6627 -1 -1 -1 0 
1238 4 169.802 317.652 20.59 22.3522 -1 -1 -1 0 
1239 4 171.255 318.037 19.7146 20.9075 -1 -1 -1 0 
1240 4 170.96 318.83 20.2032 21.0019 -1 -1 -1 0 
1241 4 170.627 319.107 20.5963 21.034 -1 -1 -1 0 
1242 4 169.827 319.853 20.7417 21.0425 -1 -1 -1 0 
1243 4 168.789 320.118 21.515 21.7018 -1 -1 -1 0 
1244 4 168.977 320.204 21.8707 21.9467 -1 -1 -1 0 
1245 4 169.636 320.872 21.4116 21.3817 -1 -1 -1 0 
1246 4 169.929 321.109 20.5179 20.492 -1 -1 -1 0 
1247 4 170.031 321.177 20.1767 20.1536 -1 -1 -1 0 
1248 4 170.635 321.187 19.4792 19.3621 -1 -1 -1 0 
1249 4 170.803 321.172 19.2698 19.07 -1 -1 -1 0 
1250 4 170.132 321.827 19.9218 19.642 -1 -1 -1 0 
1251 4 169.84 322.058 20.2041 19.8537 -1 -1 -1 0 
1252 4 169.216 322.132 20.1607 19.9372 -1 -1 -1 0 
1253 4 169.044 322.147 20.0778 19.9703 -1 -1 -1 0 
1254 4 168.942 322.141 20.7454 20.6449 -1 -1 -1 0 
1255 4 169.56 321.479 21.6445 21.5496 -1 -1 -1 0 
1256 4 170.553 320.573 20.5844 20.6004 -1 -1 -1 0 
1257 4 172.898 320.203 19.5333 19.547 -1 -1 -1 0 
1258 4 173.764 320.738 18.4666 18.4784 -1 -1 -1 0 
1259 4 174.064 320.934 18.0815 18.0919 -1 -1 -1 0 
1265 5 179.436 328.8 18.5638 20.4 -1 -1 -1 0 
1266 5 178.287 328.169 19.7127 21.663 -1 -1 -1 0 
1267 5 178.618 329.491 19.3823 21.3034 -1 -1 -1 0 
1268 5 180.797 331.467 17.9567 19.6218 -1 -1 -1 0 
1269 5 182.127 332.832 16.8703 18.308 -1 -1 -1 0 
1270 5 181.785 333.21 17.2745 18.6636 -1 -1 -1 0 
1271 5 181.604 333.31 17.4708 18.7872 -1 -1 -1 0 
1272 5 182.089 333.307 17.6761 18.8483 -1 -1 -1 0 
1273 5 182.722 333.96 17.2837 18.1977 -1 -1 -1 0 
1274 5 181.699 333.477 18.3808 19.3525 -1 -1 -1 0 
1275 5 181.923 333.303 18.8415 19.7572 -1 -1 -1 0 
1276 5 183.115 333.217 19.2257 19.9158 -1 -1 -1 0 
1277 5 183.422 333.17 19.506 19.9763 -1 -1 -1 0 
1278 5 183.927 332.479 21.1913 21.3225 -1 -1 -1 0 
1279 5 184.45 332.22 22.7612 22.4651 -1 -1 -1 0 
1280 5 185.493 332.755 23.1563 22.2652 -1 -1 -1 0 
1281 5 184.994 332.31 24.1877 22.8244 -1 -1 -1 0 
1282 5 184.598 332.786 25.4097 23.6777 -1 -1 -1 0 
1283 5 184.252 332.967 26.0499 23.9986 -1 -1 -1 0 
1284 5 182.646 332.386 27.7376 25.4064 -1 -1 -1 0 
1285 5 182.026 332.162 28.3745 25.9379 -1 -1 -1 0 
1286 5 182.381 332.712 28.6394 26.1324 -1 -1 -1 0 
1287 5 183.038 333.573 28.8463 26.192 -1 -1 -1 0 
1288 5 183.915 334.553 28.2803 25.5506 -1 -1 -1 0 
1289 5 183.456 334.268 28.8288 25.9426 -1 -1 -1 0 
1290 5 183.308 334.156 28.9939 26.0821 -1 -1 -1 0 
1291 5 183.331 334.759 28.9557 26.1246 -1 -1 -1 0 
1292 5 183.535 335.639 28.0719 25.4756 -1 -1 -1 0 
1293 5 184.506 336.631 26.8172 24.5517 -1 -1 -1 0 
1294 5 185.078 337.661 26.1226 24.1967 -1 -1 -1 0 
1295 5 185.442 338.028 25.7036 24.0648 -1 -1 -1 0 
1296 5 186.896 338.814 24.8862 23.3505 -1 -1 -1 0 
1297 5 186.843 339.09 25.1686 23.7546 -1 -1 -1 0 
1298 5 188.031 339.178 25.3809 23.9039 -1 -1 -1 0 
1299 5 188.474 339.856 24.7957 23.3003 -1 -1 -1 0 
1300 5 189.264 340.094 24.6022 23.0716 -1 -1 -1 0 
1301 5 189.513 340.167 24.5606 22.9903 -1 -1 -1 0 
1302 5 189.66 340.178 24.4781 22.9638 -1 -1 -1 0 
1303 5 189.916 339.504 24.2328 22.9577 -1 -1 -1 0 
1304 5 190.693 339.904 24.1127 22.9588 -1 -1 -1 0 
1305 5 192.295 340.709 23.4095 22.2989 -1 -1 -1 0 
1306 5 193.462 341.002 23.2375 22.0529 -1 -1 -1 0 
1307 5 193.826 341.099 23.2253 21.9676 -1 -1 -1 0 
1308 5 195.011 341.124 24.1536 22.6084 -1 -1 -1 0 
1309 5 195.222 340.469 26.0255 24.1633 -1 -1 -1 0 
1310 5 195.127 340.218 27.5348 25.3924 -1 -1 -1 0 
1311 5 194.965 339.472 28.2238 25.87 -1 -1 -1 0 
1312 5 195.481 339.82 27.8798 25.4018 -1 -1 -1 0 
1313 5 195.574 339.956 27.8147 25.206 -1 -1 -1 0 
1314 5 195.607 340.662 27.765 25.1252 -1 -1 -1 0 
1315 5 195.581 340.927 27.7608 25.089 -1 -1 -1 0 
1316 5 196.193 341.023 27.7725 25.0704 -1 -1 -1 0 
1317 5 196.487 341.054 27.6937 25.0591 -1 -1 -1 0 
1318 5 196.616 341.06 27.6249 25.051 -1 -1 -1 0 
1319 5 196.681 341.058 27.5636 25.0445 -1 -1 -1 0 
1320 5 196.719 341.053 27.5087 25.0391 -1 -1 -1 0 
1321 5 198.026 341.708 26.8399 24.3747 -1 -1 -1 0 
1322 5 198.573 341.952 26.5176 24.119 -1 -1 -1 0 
1323 5 199.561 343.369 24.9321 22.6937 -1 -1 -1 0 
1324 5 200.014 344.576 24.2306 22.1572 -1 -1 -1 0 
1325 5 200.124 344.996 24.0228 21.9723 -1 -1 -1 0 
1326 5 200.245 345.135 23.8591 21.9138 -1 -1 -1 0 
1327 5 201.527 345.84 23.2252 21.2312 -1 -1 -1 0 
1328 5 203.24 346.761 22.4228 20.3102 -1 -1 -1 0 
1329 5 203.68 346.394 22.9895 20.6694 -1 -1 -1 0 
1330 5 203.087 346.255 23.9317 21.4722 -1 -1 -1 0 
1331 5 202.821 346.193 24.3154 21.7759 -1 -1 -1 0 
1332 5 203.333 346.156 24.4923 21.8974 -1 -1 -1 0 
1333 5 204.28 346.792 23.1324 20.6262 -1 -1 -1 0 
1334 5 205.236 348.377 21.9938 19.4639 -1 -1 -1 0 
1335 5 206.234 349.622 20.9166 18.3678 -1 -1 -1 0 
1336 5 205.806 350.047 21.3045 18.6785 -1 -1 -1 0 
1337 5 205.626 350.185 21.467 18.7938 -1 -1 -1 0 
1338 5 206.176 350.885 20.9035 18.1792 -1 -1 -1 0 
1339 5 206.289 351.123 20.7776 17.9621 -1 -1 -1 0 
1340 5 206.159 350.516 22.2478 19.2436 -1 -1 -1 0 
1341 5 206.115 350.295 22.7696 19.7048 -1 -1 -1 0 
1342 5 206.562 350.194 23.8067 20.5432 -1 -1 -1 0 
1343 5 206.043 349.5 24.8821 21.5108 -1 -1 -1 0 
1344 5 205.224 348.582 26.5468 23.1692 -1 -1 -1 0 
1345 5 205.681 348.225 27.0413 23.8066 -1 -1 -1 0 
1346 5 205.983 348.08 27.1023 24.0501 -1 -1 -1 0 
1347 5 205.585 348.023 27.6235 24.7782 -1 -1 -1 0 
1348 5 206.231 348.643 27.6525 25.0497 -1 -1 -1 0 
1349 5 206.625 348.241 27.5064 25.1426 -1 -1 -1 0 
1350 5 206.903 349.382 27.3064 25.1656 -1 -1 -1 0 
1351 5 207.123 349.821 27.0994 25.1626 -1 -1 -1 0 
1352 5 206.242 349.985 27.3171 25.8035 -1 -1 -1 0 
1353 5 206.848 350.692 26.4491 25.3915 -1 -1 -1 0 
1354 5 206.618 350.961 26.5633 25.8725 -1 -1 -1 0 
1355 5 207.315 351.057 25.8157 25.3957 -1 -1 -1 0 
1356 5 207.237 351.085 25.8659 25.8577 -1 -1 -1 0 
1357 5 206.872 351.09 26.2155 26.6784 -1 -1 -1 0 
1358 5 208.091 351.735 25.6339 26.3368 -1 -1 -1 0 
1359 5 207.587 351.98 25.7248 26.8466 -1 -1 -1 0 
1360 5 208.806 352.718 24.9965 26.3805 -1 -1 -1 0 
1361 5 209.426 352.994 24.5612 26.1882 -1 -1 -1 0 
1362 5 209.824 353.089 24.8871 26.7696 -1 -1 -1 0 
1363 5 210.091 353.117 24.8856 26.9834 -1 -1 -1 0 
1364 5 210.815 353.773 24.2558 26.4034 -1 -1 -1 0 
1365 5 211.705 354.014 24.0533 26.1714 -1 -1 -1 0 
1366 5 214.291 355.42 23.0415 24.7564 -1 -1 -1 0 
1367 5 215.124 355.939 22.7923 24.2142 -1 -1 -1 0 
1368 5 214.731 356.113 23.3821 24.6944 -1 -1 -1 0 
1369 5 214.592 356.166 23.5816 24.8725 -1 -1 -1 0 
1370 5 215.041 356.833 23.1403 24.2807 -1 -1 -1 0 
1371 5 215.704 357.739 23.1307 24.0579 -1 -1 -1 0 
1372 5 215.826 358.727 23.2384 23.9796 -1 -1 -1 0 
1373 5 215.757 359.077 23.3798 23.9549 -1 -1 -1 0 
1374 5 216.196 359.189 23.6196 23.95 -1 -1 -1 0 
1375 5 215.655 359.212 24.4025 24.6162 -1 -1 -1 0 
1376 5 215.372 359.209 24.7654 24.8661 -1 -1 -1 0 
1377 5 216.403 359.849 24.4083 24.3047 -1 -1 -1 0 
1378 5 217.252 360.077 24.4679 24.0884 -1 -1 -1 0 
1379 5 217.407 360.148 24.6375 24.0096 -1 -1 -1 0 
1380 5 216.721 359.498 26.0935 25.3093 -1 -1 -1 0 
1381 5 217.702 359.253 26.0371 25.1409 -1 -1 -1 0 
1382 5 217.428 359.145 26.6525 25.7284 -1 -1 -1 0 
1383 5 216.847 359.1 26.6952 25.9471 -1 -1 -1 0 
1384 5 217.361 359.077 26.6101 26.0265 -1 -1 -1 0 
1385 5 217.636 359.063 26.485 26.052 -1 -1 -1 0 
1386 5 218.478 359.711 25.6853 25.4002 -1 -1 -1 0 
1387 5 218.858 359.954 25.3053 25.1458 -1 -1 -1 0 
1388 5 219.722 360.703 24.4297 24.3866 -1 -1 -1 0 
1389 5 220.665 360.977 24.1391 24.1007 -1 -1 -1 0 
1390 5 222.242 361.738 23.4608 23.3306 -1 -1 -1 0 
1391 5 222.186 362.011 23.1643 23.0481 -1 -1 -1 0 
1392 5 222.823 362.1 23.0563 22.9517 -1 -1 -1 0 
1393 5 223.046 362.79 23.0178 22.9234 -1 -1 -1 0 
1394 5 223.21 363.703 22.9102 22.9198 -1 -1 -1 0 
1395 5 223.404 364.697 22.726 22.9247 -1 -1 -1 0 
1396 5 223.656 365.718 22.4673 22.932 -1 -1 -1 0 
1397 5 224.438 366.746 21.674 22.2755 -1 -1 -1 0 
1398 5 224.713 367.108 22.0559 22.7047 -1 -1 -1 0 
1399 5 224.919 367.226 22.084 22.8648 -1 -1 -1 0 
1400 5 225.712 367.248 22.0308 22.9293 -1 -1 -1 0 
1401 5 226.605 367.899 21.408 22.2951 -1 -1 -1 0 
1402 5 227.507 368.123 21.2629 22.0573 -1 -1 -1 0 
1403 5 227.781 368.189 21.2579 21.9741 -1 -1 -1 0 
1404 5 227.349 368.198 21.1107 21.9482 -1 -1 -1 0 
1405 5 227.827 368.186 21.7338 22.6081 -1 -1 -1 0 
1406 5 228.002 368.172 21.9611 22.8556 -1 -1 -1 0 
1407 5 228.082 368.154 22.6788 23.6088 -1 -1 -1 0 
1408 5 228.201 368.14 22.8514 23.8927 -1 -1 -1 0 
1409 5 227.657 368.124 23.4923 24.6525 -1 -1 -1 0 
1410 5 227.561 368.112 22.9662 24.2899 -1 -1 -1 0 
1411 5 228.235 368.098 22.032 23.4818 -1 -1 -1 0 
1412 5 229.105 368.085 21.051 22.5031 -1 -1 -1 0 
1413 5 229.357 368.073 20.7489 22.1375 -1 -1 -1 0 
1414 5 230.089 368.064 20.6628 22.0073 -1 -1 -1 0 
1415 5 230.33 368.056 20.654 21.9634 -1 -1 -1 0 
1416 5 230.486 368.049 20.5772 21.9515 -1 -1 -1 0 
1417 5 231.138 368.043 20.6125 21.9512 -1 -1 -1 0 
1418 5 230.782 368.038 20.553 21.9548 -1 -1 -1 0 
1419 5 230.765 368.033 20.4053 21.9593 -1 -1 -1 0 
1420 5 231.885 368.692 19.218 20.6379 -1 -1 -1 0 
1421 5 231.697 368.941 18.6919 20.1375 -1 -1 -1 0 
1422 5 231.11 369.025 19.0197 20.6415 -1 -1 -1 0 
1423 5 231.497 369.053 18.5394 20.1653 -1 -1 -1 0 
1424 5 231.659 369.056 18.3428 19.9919 -1 -1 -1 0 
1425 5 231.828 369.053 18.1623 19.9352 -1 -1 -1 0 
1426 5 232.476 369.716 17.511 19.2535 -1 -1 -1 0 
1427 5 232.728 369.96 17.2595 19.0067 -1 -1 -1 0 
1428 5 232.827 370.042 17.1613 18.9254 -1 -1 -1 0 
1429 5 232.87 370.067 17.12 18.9041 -1 -1 -1 0 
1430 5 232.277 370.069 17.7144 19.5724 -1 -1 -1 0 
1431 5 232.061 370.067 17.9311 19.8228 -1 -1 -1 0 
1432 5 231.981 370.061 18.012 19.9221 -1 -1 -1 0 
1433 5 232.008 369.395 18.6448 20.6211 -1 -1 -1 0 
1434 5 231.964 369.794 18.285 20.2324 -1 -1 -1 0 
1435 5 232.516 369.949 18.2341 20.0785 -1 -1 -1 0 
1436 5 232.205 370.005 18.0706 20.021 -1 -1 -1 0 
1437 5 233.262 370.685 16.8331 18.6773 -1 -1 -1 0 
1438 5 233.677 370.942 16.3487 18.1639 -1 -1 -1 0 
1439 5 233.737 371.029 16.2646 17.9863 -1 -1 -1 0 
1440 5 233.807 371.055 16.1863 17.9291 -1 -1 -1 0 
1441 5 233.841 370.39 16.1501 17.9156 -1 -1 -1 0 
1442 5 233.861 370.139 16.1301 17.9176 -1 -1 -1 0 
1443 5 233.359 369.378 16.6332 18.5912 -1 -1 -1 0 
1444 5 234.29 369.098 16.3579 18.1874 -1 -1 -1 0 
1445 5 234.036 368.994 16.201 18.0335 -1 -1 -1 0 
1446 5 234.517 368.96 16.2312 17.9796 -1 -1 -1 0 
1447 5 234.65 368.951 16.2872 17.963 -1 -1 -1 0 
1448 5 234.141 368.288 16.8648 18.6238 -1 -1 -1 0 
1449 5 233.961 368.045 17.0685 18.8705 -1 -1 -1 0 
1450 5 233.899 367.958 17.1363 18.9654 -1 -1 -1 0 
1451 5 233.883 367.931 17.1518 19.0005 -1 -1 -1 0 
1452 5 233.789 367.927 17.2432 19.0125 -1 -1 -1 0 
1453 5 233.71 367.93 17.319 19.0157 -1 -1 -1 0 
1454 5 234.151 367.937 16.8747 18.3568 -1 -1 -1 0 
1455 5 234.246 366.607 18.1135 19.4412 -1 -1 -1 0 
1456 5 233.585 366.129 18.6066 19.8323 -1 -1 -1 0 
1457 5 233.254 365.953 18.8642 19.9816 -1 -1 -1 0 
1458 5 233.526 365.241 19.2117 20.0347 -1 -1 -1 0 
1459 5 233.543 365.634 18.7715 19.3951 -1 -1 -1 0 
1460 5 232.322 365.8 18.4908 19.1439 -1 -1 -1 0 
1461 5 231.887 365.87 18.3661 19.0496 -1 -1 -1 0 
1462 5 231.122 364.576 19.5877 20.3405 -1 -1 -1 0 
1463 5 230.855 364.103 20.0235 20.815 -1 -1 -1 0 
1464 5 231.275 362.63 21.6193 22.2941 -1 -1 -1 0 
1465 5 230.892 361.438 22.1342 22.8548 -1 -1 -1 0 
1466 5 230.294 361.622 21.4921 22.4234 -1 -1 -1 0 
1467 5 229.542 361.065 21.7458 22.8905 -1 -1 -1 0 
1468 5 229.369 360.866 21.7299 23.06 -1 -1 -1 0 
1469 5 229.405 360.805 21.6213 23.1152 -1 -1 -1 0 
1470 5 229.512 360.798 21.4865 23.1264 -1 -1 -1 0 
1471 5 229.061 360.155 22.5827 24.4296 -1 -1 -1 0 
1472 5 230.066 360.561 21.8201 23.6327 -1 -1 -1 0 
1473 5 230.499 360.747 21.4824 23.2919 -1 -1 -1 0 
1474 5 230.211 360.828 21.1444 23.156 -1 -1 -1 0 
1475 5 230.217 360.867 20.9004 23.0991 -1 -1 -1 0 
1476 5 231.293 361.55 19.0761 21.094 -1 -1 -1 0 
1477 5 231.821 361.828 18.2602 20.3084 -1 -1 -1 0 
1478 5 232.063 361.249 17.9206 20.0355 -1 -1 -1 0 
1479 5 232.717 361.043 17.2355 19.2693 -1 -1 -1 0 
1480 5 232.861 360.973 17.0873 18.9969 -1 -1 -1 0 
1481 5 232.856 360.952 17.0944 18.9092 -1 -1 -1 0 
1482 5 232.802 360.276 17.1526 18.8877 -1 -1 -1 0 
1483 5 232.736 360.031 17.2245 18.8895 -1 -1 -1 0 
1484 5 233.189 359.948 16.7759 18.2299 -1 -1 -1 0 
1485 5 233.858 359.926 16.7896 17.9929 -1 -1 -1 0 
1486 5 234.504 359.925 16.3922 17.2423 -1 -1 -1 0 
1487 5 234.576 359.932 16.4108 16.9778 -1 -1 -1 0 
1488 5 233.861 359.262 16.4782 16.894 -1 -1 -1 0 
1489 5 233.509 358.35 16.5936 16.8748 -1 -1 -1 0 
1490 5 233.203 358.023 16.8129 16.8782 -1 -1 -1 0 
1491 5 232.967 357.244 17.019 16.8887 -1 -1 -1 0 
1492 5 232.101 356.299 17.8768 17.5681 -1 -1 -1 0 
1493 5 231.784 356.615 17.5357 17.1665 -1 -1 -1 0 
1494 5 231.521 356.093 18.2142 17.6828 -1 -1 -1 0 
1495 5 230.762 355.254 19.127 18.5301 -1 -1 -1 0 
1496 5 229.196 353.002 21.4012 20.7951 -1 -1 -1 0 
1497 5 228.64 352.151 22.2249 21.6537 -1 -1 -1 0 
1498 5 227.898 351.193 23.0761 22.6297 -1 -1 -1 0 
1499 5 227.694 350.833 23.3204 23.0051 -1 -1 -1 0 
1500 5 227.142 350.075 23.8864 23.7804 -1 -1 -1 0 
1501 5 227.602 349.797 23.4303 23.4329 -1 -1 -1 0 
1502 5 227.854 349.716 23.1762 23.2749 -1 -1 -1 0 
1503 5 226.339 348.403 24.0379 24.5057 -1 -1 -1 0 
1504 5 226.073 347.918 24.0565 24.9636 -1 -1 -1 0 
1505 5 226.209 347.751 23.8238 25.1292 -1 -1 -1 0 
1506 5 226.481 347.062 23.5149 25.1785 -1 -1 -1 0 
1507 5 226.754 346.817 22.5792 24.5332 -1 -1 -1 0 
1508 5 226.424 346.749 22.6547 24.9264 -1 -1 -1 0 
1509 5 226.465 346.738 22.5217 25.0667 -1 -1 -1 0 
1510 5 227.134 346.752 21.8214 24.4568 -1 -1 -1 0 
1511 5 227.485 346.78 21.4642 24.2095 -1 -1 -1 0 
1512 5 227.696 346.804 21.254 24.1112 -1 -1 -1 0 
1513 5 227.848 346.827 21.1066 24.0699 -1 -1 -1 0 
1514 5 227.874 346.847 21.0849 24.0508 -1 -1 -1 0 
1515 5 227.892 346.865 21.0715 24.0406 -1 -1 -1 0 
1516 5 227.906 346.881 21.0618 24.0342 -1 -1 -1 0 
1517 5 227.918 346.895 21.0541 24.0295 -1 -1 -1 0 
1518 5 228.325 346.908 20.6502 23.365 -1 -1 -1 0 
1519 5 228.896 347.589 20.0826 22.442 -1 -1 -1 0 
1520 5 227.793 347.174 20.5138 22.7748 -1 -1 -1 0 
1521 5 228.362 347.027 21.0306 22.8977 -1 -1 -1 0 
1522 5 228.361 346.975 21.4441 22.947 -1 -1 -1 0 
1523 5 226.933 346.959 21.7018 22.9677 -1 -1 -1 0 
1524 5 226.17 346.957 22.0217 22.9771 -1 -1 -1 0 
1525 5 225.72 346.959 22.3079 22.9819 -1 -1 -1 0 
1526 5 224.763 346.301 23.207 23.6467 -1 -1 -1 0 
1527 5 224.364 346.058 23.5882 23.8953 -1 -1 -1 0 
1528 5 224.144 345.97 23.8052 23.9887 -1 -1 -1 0 
1529 5 222.787 345.285 24.5078 24.6786 -1 -1 -1 0 
1530 5 221.715 345.03 24.6852 24.9364 -1 -1 -1 0 
1531 5 220.705 344.287 25.3553 25.6836 -1 -1 -1 0 
1532 5 219.912 344.01 25.3775 25.9634 -1 -1 -1 0 
1533 5 219.104 343.913 25.2448 26.0637 -1 -1 -1 0 
1534 5 218.933 343.885 25.0651 26.0939 -1 -1 -1 0 
1535 5 218.997 343.884 24.8797 26.0979 -1 -1 -1 0 
1536 5 219.117 343.891 24.0711 25.4365 -1 -1 -1 0 
1537 5 218.611 343.903 23.6646 25.1754 -1 -1 -1 0 
1538 5 218.618 343.914 23.331 25.0752 -1 -1 -1 0 
1539 5 219.293 343.924 22.5494 24.3739 -1 -1 -1 0 
1540 5 219.102 343.934 22.7198 24.776 -1 -1 -1 0 
1541 5 219.056 343.941 22.7674 24.9243 -1 -1 -1 0 
1542 5 219.099 343.288 22.7386 24.9805 -1 -1 -1 0 
1543 5 218.61 342.384 23.9053 26.3217 -1 -1 -1 0 
1544 5 217.314 341.404 24.8113 27.4671 -1 -1 -1 0 
1545 5 216.894 341.031 25.0851 27.9068 -1 -1 -1 0 
1546 5 216.811 340.897 25.118 28.0684 -1 -1 -1 0 
1547 5 216.758 340.207 25.1581 28.1199 -1 -1 -1 0 
1548 5 217.314 339.953 25.257 28.1295 -1 -1 -1 0 
1549 5 216.991 339.214 25.8354 28.7785 -1 -1 -1 0 
1550 5 217.473 339.594 25.453 28.3678 -1 -1 -1 0 
1551 5 218.684 340.417 24.2816 26.8793 -1 -1 -1 0 
1552 5 219.08 340.748 23.9022 26.2983 -1 -1 -1 0 
1553 5 219.096 340.875 23.2245 25.4169 -1 -1 -1 0 
1554 5 219.574 340.254 23.8488 25.7652 -1 -1 -1 0 
1555 5 219.577 340.032 24.2469 25.8947 -1 -1 -1 0 
1556 5 218.723 339.954 23.9242 25.2835 -1 -1 -1 0 
1557 5 218.169 339.933 24.0269 25.0545 -1 -1 -1 0 
1558 5 217.794 339.931 24.2382 24.9744 -1 -1 -1 0 
1559 5 217.5 339.935 24.4745 24.9496 -1 -1 -1 0 
1560 5 217.252 339.942 24.7057 24.9451 -1 -1 -1 0 
1561 5 216.369 339.948 24.9215 24.9477 -1 -1 -1 0 
1562 5 215.357 339.954 25.0241 24.9525 -1 -1 -1 0 
1563 5 213.793 339.96 24.9273 24.9576 -1 -1 -1 0 
1564 5 213.833 339.965 24.2733 24.2999 -1 -1 -1 0 
1565 5 213.193 340.639 24.0307 24.0544 -1 -1 -1 0 
1566 5 212.3 340.221 23.9477 23.969 -1 -1 -1 0 
1567 5 211.409 340.066 23.1615 23.2767 -1 -1 -1 0 
1568 5 210.565 340.008 22.7296 23.0235 -1 -1 -1 0 
1569 5 210.364 339.989 21.8179 22.2681 -1 -1 -1 0 
1570 5 210.4 339.984 21.4044 21.9975 -1 -1 -1 0 
1571 5 211.073 339.983 20.6218 21.2362 -1 -1 -1 0 
1572 5 211.932 340.664 19.7581 20.2892 -1 -1 -1 0 
1573 5 210.988 340.228 20.7326 21.3303 -1 -1 -1 0 
1574 5 211.233 340.075 20.5032 21.0365 -1 -1 -1 0 
1575 5 211.314 340.017 20.4555 20.9356 -1 -1 -1 0 
1576 5 210.764 339.328 21.0344 21.5756 -1 -1 -1 0 
1577 5 211.044 339.734 20.7736 21.1576 -1 -1 -1 0 
1578 5 211.089 339.896 20.7534 21.0029 -1 -1 -1 0 
1579 5 211.041 339.957 20.8212 20.9511 -1 -1 -1 0 
1580 5 210.964 339.981 20.915 20.9373 -1 -1 -1 0 
1581 5 210.786 339.99 21.1074 20.9372 -1 -1 -1 0 
1582 5 210.142 339.331 21.7643 21.6054 -1 -1 -1 0 
1583 5 209.629 339.086 22.9408 22.5108 -1 -1 -1 0 
1584 5 209.197 338.995 23.6301 22.8558 -1 -1 -1 0 
1585 5 208.856 338.964 24.0729 22.9868 -1 -1 -1 0 
1586 5 208.474 338.956 24.4956 23.033 -1 -1 -1 0 
1587 5 208.137 338.956 24.849 23.0467 -1 -1 -1 0 
1588 5 207.835 338.959 25.1571 23.0481 -1 -1 -1 0 
1589 5 206.906 338.963 25.4314 23.0452 -1 -1 -1 0 
1590 5 206.93 338.967 25.1597 22.3831 -1 -1 -1 0 
1591 5 205.576 338.305 25.0904 22.1268 -1 -1 -1 0 
1592 5 203.021 336.067 27.1226 24.0271 -1 -1 -1 0 
1593 5 202.142 335.254 27.1707 24.0767 -1 -1 -1 0 
1594 5 201.916 334.948 27.0788 24.0864 -1 -1 -1 0 
1595 5 201.807 334.846 27.0782 24.0835 -1 -1 -1 0 
1596 5 200.589 334.165 27.6104 24.733 -1 -1 -1 0 
1597 5 200.774 333.919 27.1745 24.3238 -1 -1 -1 0 
1598 5 200.396 333.842 26.8127 24.1549 -1 -1 -1 0 
1599 5 199.301 333.827 25.6623 23.4269 -1 -1 -1 0 
1600 5 199.08 333.838 25.0485 23.1459 -1 -1 -1 0 
1601 5 198.04 333.853 24.4689 23.0417 -1 -1 -1 0 
1602 5 197.922 333.868 24.0068 23.0037 -1 -1 -1 0 
1603 5 198.158 333.883 22.9177 22.3272 -1 -1 -1 0 
1604 5 199.087 333.899 21.0295 20.731 -1 -1 -1 0 
1605 5 199.483 333.23 21.0045 20.8277 -1 -1 -1 0 
1606 5 199.115 333.001 21.5169 21.5383 -1 -1 -1 0 
1607 5 199.105 332.923 21.5958 21.8044 -1 -1 -1 0 
1608 5 199.217 332.902 21.5308 21.9105 -1 -1 -1 0 
1609 5 199.278 332.242 22.1663 22.6147 -1 -1 -1 0 
1610 5 200.446 332 21.9234 22.2257 -1 -1 -1 0 
1611 5 201.4 331.919 21.341 21.4099 -1 -1 -1 0 
1612 5 201.654 331.899 21.2334 21.103 -1 -1 -1 0 
1613 5 201.067 331.9 21.8777 21.6626 -1 -1 -1 0 
1614 5 200.8 331.247 22.8243 22.5284 -1 -1 -1 0 
1615 5 202.331 331.657 22.2026 21.5546 -1 -1 -1 0 
1616 5 202.762 331.163 22.1274 21.1668 -1 -1 -1 0 
1617 5 200.287 330.988 21.3887 20.3584 -1 -1 -1 0 
1618 5 199.299 330.932 21.1715 20.0613 -1 -1 -1 0 
1619 5 198.348 331.59 20.3505 19.2877 -1 -1 -1 0 
1620 5 198.069 332.522 18.6318 17.6525 -1 -1 -1 0 
1621 5 197.979 332.87 18.0205 17.0679 -1 -1 -1 0 
1622 5 197.858 332.298 17.9232 16.8811 -1 -1 -1 0 
1623 5 199.134 332.776 15.9125 14.7843 -1 -1 -1 0 
1624 5 198.867 332.954 15.9626 14.7559 -1 -1 -1 0 
1625 5 198.594 331.63 16.8631 15.4439 -1 -1 -1 0 
1626 5 195.929 328.484 19.0895 17.7061 -1 -1 -1 0 
1633 5 189.325 321.438 20.0431 18.8799 -1 -1 -1 0 
1634 5 188.55 320.838 19.6618 18.9946 -1 -1 -1 0 
1635 5 188.415 320.634 19.3939 19.0344 -1 -1 -1 0 
1636 5 188.54 320.586 19.1417 19.046 -1 -1 -1 0 
1637 5 189.297 320.598 18.3627 18.3913 -1 -1 -1 0 
1638 5 189.119 319.974 18.5654 18.8014 -1 -1 -1 0 
1639 5 190.271 320.415 18.0902 18.2959 -1 -1 -1 0 
1640 5 190.838 320.62 17.8121 18.0978 -1 -1 -1 0 
1641 5 191.003 320.716 17.7686 18.0244 -1 -1 -1 0 
1642 5 190.504 320.105 18.325 18.6617 -1 -1 -1 0 
1643 5 190.919 319.888 18.5912 18.8985 -1 -1 -1 0 
1644 5 190.428 319.822 19.3552 19.6431 -1 -1 -1 0 
1645 5 190.671 319.808 19.219 19.2752 -1 -1 -1 0 
1646 5 191.213 319.821 18.0636 17.804 -1 -1 -1 0 
1647 5 191.293 319.848 17.0739 16.5544 -1 -1 -1 0 
1648 5 189.975 319.871 18.0713 17.4816 -1 -1 -1 0 
1649 5 190.65 319.879 17.2858 16.4847 -1 -1 -1 0 
1650 5 191.716 319.899 16.194 15.4177 -1 -1 -1 0 
1652 5 191.305 319.916 15.9175 15.0399 -1 -1 -1 0 
1653 5 191.341 319.245 16.3298 15.6003 -1 -1 -1 0 
1654 5 191.197 319.675 15.9732 15.1392 -1 -1 -1 0 
1655 5 188.684 318.498 18.3044 17.0044 -1 -1 -1 0 
1656 5 185.948 316.805 20.3353 18.9351 -1 -1 -1 0 
1657 5 182.401 313 23.6085 22.2113 -1 -1 -1 0 
1658 5 181.867 310.883 22.8155 21.6805 -1 -1 -1 0 
1659 5 180.648 310.015 21.5479 20.7631 -1 -1 -1 0 
1660 5 179.672 309.059 21.5648 21.0369 -1 -1 -1 0 
1661 5 180.037 308.719 20.8529 20.4856 -1 -1 -1 0 
1662 5 180.306 309.283 19.8172 19.5979 -1 -1 -1 0 
1663 5 179.931 308.87 19.9251 19.9137 -1 -1 -1 0 
1664 5 179.925 308.078 19.8453 20.0261 -1 -1 -1 0 
1665 5 179.49 307.8 18.9553 19.4066 -1 -1 -1 0 
1666 5 179.491 307.726 18.468 19.16 -1 -1 -1 0 
1667 5 178.441 305.726 19.3587 20.3962 -1 -1 -1 0 
1668 5 176.021 303.063 21.7266 23.4315 -1 -1 -1 0 
1669 5 175.481 300.808 23.4895 25.8295 -1 -1 -1 0 
1670 5 175.063 299.288 24.4283 27.4244 -1 -1 -1 0 
1671 5 176.204 298.7 24.1387 27.4326 -1 -1 -1 0 
1672 5 176.862 298.512 23.8421 27.4005 -1 -1 -1 0 
1673 5 177.662 298.475 23.189 26.7215 -1 -1 -1 0 
1674 5 177.962 297.85 22.3005 25.7778 -1 -1 -1 0 
1675 5 178.599 297.65 22.1006 25.3942 -1 -1 -1 0 
1676 5 178.296 296.945 22.5722 25.8966 -1 -1 -1 0 
1677 5 178.174 296.702 22.7605 26.0768 -1 -1 -1 0 
1678 5 178.123 296.64 22.8383 26.1335 -1 -1 -1 0 
1679 5 178.005 296.645 22.9685 26.1433 -1 -1 -1 0 
1680 5 178.785 297.329 22.1947 24.8237 -1 -1 -1 0 
1681 5 177.865 296.956 21.7775 24.2994 -1 -1 -1 0 
1682 5 177.409 296.836 21.7453 24.1048 -1 -1 -1 0 
1683 5 176.545 296.808 21.1024 23.3659 -1 -1 -1 0 
1684 5 176.219 296.817 20.8733 23.0889 -1 -1 -1 0 
1685 5 175.946 296.834 20.2857 22.3206 -1 -1 -1 0 
1686 5 175.237 296.179 21.3701 23.3929 -1 -1 -1 0 
1687 5 174.362 295.293 21.7288 23.7785 -1 -1 -1 0 
1688 5 173.377 294.308 21.8717 23.9283 -1 -1 -1 0 
1689 5 172.965 292.63 21.3182 23.326 -1 -1 -1 0 
1690 5 172.831 292.012 21.1042 23.0946 -1 -1 -1 0 
1691 5 172.276 291.139 21.5472 23.6761 -1 -1 -1 0 
1692 5 171.617 290.175 22.1766 24.549 -1 -1 -1 0 
1693 5 171.974 289.829 21.8211 24.2289 -1 -1 -1 0 
1694 5 172.171 289.727 21.6439 24.0985 -1 -1 -1 0 
1695 5 172.798 290.373 21.0371 23.3867 -1 -1 -1 0 
1696 5 173.035 290.644 20.8218 23.115 -1 -1 -1 0 
1697 5 173.627 290.76 20.2468 22.35 -1 -1 -1 0 
1698 5 172.752 289.475 21.1394 23.4124 -1 -1 -1 0 
1699 5 172.533 288.363 22.0218 24.4498 -1 -1 -1 0 
1700 5 172.983 287.302 21.8313 24.1981 -1 -1 -1 0 
1701 5 173.151 286.253 21.7693 24.0933 -1 -1 -1 0 
1702 5 172.691 285.877 22.2709 24.7107 -1 -1 -1 0 
1703 5 172.499 285.753 21.8276 24.2874 -1 -1 -1 0 
1704 5 172.461 285.073 21.6196 24.1176 -1 -1 -1 0 
1705 5 171.878 284.176 22.114 24.7132 -1 -1 -1 0 
1706 5 171.091 283.202 22.8709 25.5879 -1 -1 -1 0 
1707 5 171.304 282.849 22.6486 25.2695 -1 -1 -1 0 
1708 5 171.37 282.742 22.585 25.1359 -1 -1 -1 0 
1709 5 170.264 282.065 23.6945 26.3987 -1 -1 -1 0 
1710 5 170.267 282.469 23.6939 26.2205 -1 -1 -1 0 
1711 5 169.697 281.345 24.2689 26.7946 -1 -1 -1 0 
1712 5 169.404 280.934 23.9141 26.3556 -1 -1 -1 0 
1713 5 170.816 281.459 23.5716 25.5154 -1 -1 -1 0 
1714 5 170.583 281.681 23.5496 25.1896 -1 -1 -1 0 
1715 5 170.878 281.778 23.1593 24.4027 -1 -1 -1 0 
1716 5 170.816 281.83 23.1873 24.1068 -1 -1 -1 0 
1717 5 171.146 282.528 22.1769 22.6638 -1 -1 -1 0 
1718 5 169.924 281.44 22.4614 22.81 -1 -1 -1 0 
1719 5 168.167 280.39 22.5512 22.8674 -1 -1 -1 0 
1720 5 167.498 280.011 22.6105 22.8968 -1 -1 -1 0 
1721 5 167.241 279.217 22.6555 22.9147 -1 -1 -1 0 
1722 5 167.045 278.269 22.7879 22.9272 -1 -1 -1 0 
1723 5 166.914 277.931 22.2468 22.2724 -1 -1 -1 0 
1724 5 165.572 277.155 22.0083 22.0311 -1 -1 -1 0 
1725 5 164.418 276.887 21.9287 21.9491 -1 -1 -1 0 
1726 5 164.003 276.806 21.9072 21.9256 -1 -1 -1 0 
1727 5 163.293 275.462 22.4786 22.5894 -1 -1 -1 0 
1728 5 163.095 274.319 23.298 23.4957 -1 -1 -1 0 
1729 5 161.878 273.251 24.7662 25.1422 -1 -1 -1 0 
1730 5 161.518 272.857 25.2318 25.7697 -1 -1 -1 0 
1731 5 162.017 272.727 24.7889 25.3647 -1 -1 -1 0 
1732 5 162.263 272.707 24.5796 25.1932 -1 -1 -1 0 
1733 5 162.954 272.719 24.5679 25.1214 -1 -1 -1 0 
1734 5 163.103 272.742 24.6844 25.0886 -1 -1 -1 0 
1735 5 163.543 273.426 24.3494 24.4137 -1 -1 -1 0 
1736 5 162.897 273.041 25.0411 24.8157 -1 -1 -1 0 
1737 5 163.624 273.564 24.9895 24.306 -1 -1 -1 0 
1738 5 163.58 273.78 25.2958 24.1066 -1 -1 -1 0 
1739 5 162.133 273.204 26.1759 24.696 -1 -1 -1 0 
1740 5 161.355 272.339 26.7418 24.9148 -1 -1 -1 0 
1741 5 160.285 271.36 27.7327 25.6533 -1 -1 -1 0 
1742 5 159.263 270.999 27.4228 25.2788 -1 -1 -1 0 
1743 5 158.828 270.876 27.3423 25.1259 -1 -1 -1 0 
1744 5 158.534 270.843 27.449 25.0651 -1 -1 -1 0 
1745 5 157.832 270.183 26.7689 24.3795 -1 -1 -1 0 
1746 5 157.027 269.946 25.7239 23.4494 -1 -1 -1 0 
1747 5 154.9 268.527 26.5044 24.4516 -1 -1 -1 0 
1748 5 153.111 267.368 26.5076 24.8122 -1 -1 -1 0 
1749 5 153.257 266.941 25.6995 24.294 -1 -1 -1 0 
1750 5 153.481 266.804 25.258 24.0925 -1 -1 -1 0 
1751 5 152.541 266.107 25.4803 24.6826 -1 -1 -1 0 
1752 5 152.354 265.862 24.7622 24.246 -1 -1 -1 0 
1753 5 152.454 265.793 24.3485 24.0762 -1 -1 -1 0 
1754 5 152.547 265.785 24.1639 24.0136 -1 -1 -1 0 
1755 5 152.669 265.798 24.032 23.9915 -1 -1 -1 0 
1756 5 152.793 265.817 23.926 23.9847 -1 -1 -1 0 
1757 5 152.911 265.837 23.835 23.9835 -1 -1 -1 0 
1758 5 153.019 265.855 23.7546 23.9843 -1 -1 -1 0 
1759 5 153.678 265.872 23.122 23.3241 -1 -1 -1 0 
1760 5 153.933 265.89 22.8944 23.0751 -1 -1 -1 0 
1761 5 153.362 265.904 23.4866 23.6542 -1 -1 -1 0 
1762 5 153.147 265.913 23.7172 23.8701 -1 -1 -1 0 
1763 5 154.738 266.582 22.7999 22.6361 -1 -1 -1 0 
1764 5 155.12 266.848 22.6909 22.1609 -1 -1 -1 0 
1765 5 153.803 266.274 23.4389 22.6658 -1 -1 -1 0 
1766 5 154.242 266.066 23.4557 22.1924 -1 -1 -1 0 
1767 5 153.581 265.99 23.6289 22.0167 -1 -1 -1 0 
1768 5 153.143 265.966 23.8888 21.9571 -1 -1 -1 0 
1769 5 152.188 265.294 24.7817 22.6064 -1 -1 -1 0 
1770 5 151.686 265.049 24.6073 22.1929 -1 -1 -1 0 
1771 5 151.451 264.962 24.5879 22.0359 -1 -1 -1 0 
1772 5 149.547 264.935 23.7435 21.3156 -1 -1 -1 0 
1773 5 148.988 264.933 21.9338 19.7046 -1 -1 -1 0 
1774 5 148.805 264.94 21.2646 19.1155 -1 -1 -1 0 
1775 5 148.01 264.264 21.7846 19.603 -1 -1 -1 0 
1776 5 148.32 264.027 22.0593 19.7834 -1 -1 -1 0 
1777 5 147.774 263.28 22.8514 20.5277 -1 -1 -1 0 
1778 5 147.665 263.664 22.4091 20.1523 -1 -1 -1 0 
1779 5 147.78 263.827 20.7693 18.6782 -1 -1 -1 0 
1780 5 147.842 263.9 20.1572 18.1282 -1 -1 -1 0 
1781 5 147.872 263.93 19.9511 17.9433 -1 -1 -1 0 
1785 5 146.568 261.92 20.5354 18.5625 -1 -1 -1 0 
1787 5 146.807 261.857 18.7254 16.8078 -1 -1 -1 0 
1788 5 144.171 260.474 20.0974 18.2166 -1 -1 -1 0 
1789 5 144.031 260.009 19.8078 18.0279 -1 -1 -1 0 
1790 5 144.146 259.853 19.5666 17.9618 -1 -1 -1 0 
2008 6 131.21 275 21.7902 21.8 -1 -1 -1 0 
2009 6 131.819 275 21.1815 21.1908 -1 -1 -1 0 
2010 6 133.539 275 20.2457 20.1965 -1 -1 -1 0 
2011 6 133.283 275 21.5083 21.458 -1 -1 -1 0 
2012 6 135.235 275 21.2763 21.1382 -1 -1 -1 0 
2013 6 137.807 275.708 19.9969 19.606 -1 -1 -1 0 
2014 6 138.484 275.959 19.7193 19.0675 -1 -1 -1 0 
2015 6 139.133 276.037 19.1693 18.1978 -1 -1 -1 0 
2016 6 138.409 276.055 19.8839 18.6202 -1 -1 -1 0 
2017 6 138.029 276.058 20.2451 18.7747 -1 -1 -1 0 
2018 6 137.654 276.054 20.5892 18.8455 -1 -1 -1 0 
2019 6 136.678 276.048 21.5331 19.5557 -1 -1 -1 0 
2020 6 136.202 276.043 21.9869 19.821 -1 -1 -1 0 
2021 6 135.826 276.038 22.3404 19.9256 -1 -1 -1 0 
2022 6 135.622 276.033 22.5227 19.9668 -1 -1 -1 0 
2023 6 136.102 276.029 22.025 19.3219 -1 -1 -1 0 
2024 6 136.152 276.025 21.9564 19.0776 -1 -1 -1 0 
2025 6 136.046 276.022 22.0493 18.991 -1 -1 -1 0 
2026 6 135.89 276.019 22.1931 18.9628 -1 -1 -1 0 
2027 6 136.393 276.682 21.6806 18.2909 -1 -1 -1 0 
2028 6 135.743 276.256 22.3198 18.7165 -1 -1 -1 0 
2029 6 136.194 276.762 21.8623 18.2119 -1 -1 -1 0 
2030 6 135.497 276.282 22.5517 18.6949 -1 -1 -1 0 
2031 6 134.493 276.105 23.5507 19.5327 -1 -1 -1 0 
2032 6 134.787 276.038 23.2522 19.1992 -1 -1 -1 0 
2033 6 134.944 276.674 23.0904 19.0664 -1 -1 -1 0 
2034 6 134.218 276.25 23.8118 19.679 -1 -1 -1 0 
2035 6 134.729 276.744 23.2985 19.254 -1 -1 -1 0 
2036 6 135.613 276.935 22.4105 18.4226 -1 -1 -1 0 
2037 6 135.981 277.004 22.0393 18.1093 -1 -1 -1 0 
2038 6 136.104 277.026 21.9132 17.9984 -1 -1 -1 0 
2039 6 136.044 277.032 21.9711 17.9616 -1 -1 -1 0 
2040 6 135.484 277.031 21.8633 17.9522 -1 -1 -1 0 
2041 6 135.321 277.029 21.7766 17.9527 -1 -1 -1 0 
2042 6 135.304 277.026 21.7021 17.9564 -1 -1 -1 0 
2043 6 135.339 277.023 21.636 17.9609 -1 -1 -1 0 
2044 6 135.39 277.02 21.5766 17.9653 -1 -1 -1 0 
2045 6 135.443 277.018 21.5228 17.9694 -1 -1 -1 0 
2046 6 135.494 277.016 21.4741 17.973 -1 -1 -1 0 
2047 6 135.542 277.014 21.4298 17.9762 -1 -1 -1 0 
2048 6 134.533 277.012 22.4414 18.6408 -1 -1 -1 0 
2049 6 134.036 277.011 22.9411 18.8889 -1 -1 -1 0 
2050 6 133.741 277.01 23.2383 18.9831 -1 -1 -1 0 
2051 6 133.536 277.009 23.4453 19.0167 -1 -1 -1 0 
2052 6 133.376 277.008 23.6082 19.027 -1 -1 -1 0 
2053 6 133.335 277.007 23.6508 19.0287 -1 -1 -1 0 
2054 6 133.302 277.006 23.6856 19.0272 -1 -1 -1 0 
2055 6 133.273 277.005 23.7158 19.0248 -1 -1 -1 0 
2056 6 133.248 277.005 23.7426 19.0221 -1 -1 -1 0 
2057 6 132.801 277.664 22.8711 18.3602 -1 -1 -1 0 
2058 6 132.657 277.915 22.514 18.1059 -1 -1 -1 0 
2059 6 133.201 278.004 22.4584 18.0139 -1 -1 -1 0 
2060 6 132.804 278.034 22.377 17.9821 -1 -1 -1 0 
2061 6 132.68 278.041 22.3275 17.9728 -1 -1 -1 0 
2062 6 132.657 278.04 22.2918 17.9717 -1 -1 -1 0 
2063 6 132.67 278.037 22.263 17.9734 -1 -1 -1 0 
2064 6 132.694 278.033 22.2381 17.976 -1 -1 -1 0 
2065 6 132.721 278.03 22.2159 17.9786 -1 -1 -1 0 
2066 6 132.747 278.026 22.196 17.9811 -1 -1 -1 0 
2067 6 132.677 278.023 22.273 17.9833 -1 -1 -1 0 
2068 6 132.613 278.02 22.3426 17.9853 -1 -1 -1 0 
2069 6 132.65 278.018 22.3105 17.987 -1 -1 -1 0 
2070 6 132.589 278.016 22.3765 17.9886 -1 -1 -1 0 
2071 6 132.628 278.014 22.3411 17.9899 -1 -1 -1 0 
2072 6 133.365 278.673 21.6077 17.3299 -1 -1 -1 0 
2073 6 134.041 278.252 22.2789 17.7511 -1 -1 -1 0 
2074 6 133.074 278.098 22.4163 17.9051 -1 -1 -1 0 
2075 6 133.435 278.697 21.7354 17.3057 -1 -1 -1 0 
2076 6 132.815 278.256 22.232 17.7464 -1 -1 -1 0 
2077 6 133.325 278.751 21.6785 17.2504 -1 -1 -1 0 
2078 6 133.488 278.941 21.5003 17.0602 -1 -1 -1 0 
2079 6 131.914 278.342 23.7377 18.9936 -1 -1 -1 0 
2080 6 131.47 278.127 24.4192 19.6885 -1 -1 -1 0 
2081 6 130.711 278.039 25.2722 20.6055 -1 -1 -1 0 
2082 6 131.937 278.646 23.4412 19.0369 -1 -1 -1 0 
2083 6 132.416 278.894 22.7105 18.3775 -1 -1 -1 0 
2084 6 131.845 278.984 23.1909 18.8027 -1 -1 -1 0 
2085 6 129.954 278.359 25.7049 20.9243 -1 -1 -1 0 
2086 6 129.313 278.127 26.5771 21.7127 -1 -1 -1 0 
2087 6 126.917 278.033 29.0654 23.9392 -1 -1 -1 0 
2088 6 126.228 277.997 29.7894 24.7963 -1 -1 -1 0 
2089 6 126.247 278.617 29.1485 24.4919 -1 -1 -1 0 
2090 6 126.968 278.869 28.8204 24.343 -1 -1 -1 0 
2091 6 126.673 278.317 29.9149 25.5665 -1 -1 -1 0 
