3 1 152 291 26 22 -1 -1 -1 0 
4 1 157 291 19 20 -1 -1 -1 0 
5 1 156 291 20 20 -1 -1 -1 0 
6 1 157 289 19 21 -1 -1 -1 0 
7 1 157 288 19 22 -1 -1 -1 0 
8 1 156 288 21 24 -1 -1 -1 0 
9 1 156 288 22 24 -1 -1 -1 0 
10 1 156 288 22 24 -1 -1 -1 0 
11 1 155 288 24 24 -1 -1 -1 0 
12 1 155 288 23 24 -1 -1 -1 0 
13 1 154 288 25 25 -1 -1 -1 0 
14 1 153 288 27 25 -1 -1 -1 0 
15 1 154 288 26 25 -1 -1 -1 0 
16 1 154 288 25 24 -1 -1 -1 0 
17 1 156 288 24 24 -1 -1 -1 0 
18 1 156 288 24 24 -1 -1 -1 0 
19 1 155 287 25 25 -1 -1 -1 0 
20 1 156 286 23 25 -1 -1 -1 0 
21 1 157 286 21 25 -1 -1 -1 0 
22 1 157 287 21 24 -1 -1 -1 0 
23 1 156 288 22 24 -1 -1 -1 0 
24 1 156 289 21 22 -1 -1 -1 0 
25 1 156 289 20 22 -1 -1 -1 0 
26 1 156 289 20 22 -1 -1 -1 0 
27 1 154 291 22 22 -1 -1 -1 0 
28 1 155 292 21 20 -1 -1 -1 0 
29 1 152 293 25 20 -1 -1 -1 0 
30 1 152 293 25 20 -1 -1 -1 0 
31 1 150 293 27 21 -1 -1 -1 0 
32 1 151 293 25 21 -1 -1 -1 0 
33 1 151 293 25 21 -1 -1 -1 0 
34 1 151 293 25 21 -1 -1 -1 0 
35 1 151 292 26 22 -1 -1 -1 0 
36 1 151 293 26 21 -1 -1 -1 0 
37 1 152 294 24 20 -1 -1 -1 0 
38 1 151 294 25 20 -1 -1 -1 0 
39 1 151 293 25 21 -1 -1 -1 0 
40 1 150 292 27 23 -1 -1 -1 0 
41 1 150 292 27 23 -1 -1 -1 0 
42 1 150 292 27 23 -1 -1 -1 0 
43 1 150 292 27 23 -1 -1 -1 0 
44 1 149 292 28 23 -1 -1 -1 0 
45 1 150 291 28 23 -1 -1 -1 0 
46 1 152 291 23 22 -1 -1 -1 0 
47 1 153 290 23 23 -1 -1 -1 0 
48 1 152 289 25 25 -1 -1 -1 0 
49 1 152 290 24 23 -1 -1 -1 0 
50 1 153 289 22 22 -1 -1 -1 0 
51 1 154 289 21 22 -1 -1 -1 0 
52 1 153 288 22 23 -1 -1 -1 0 
53 1 153 287 22 23 -1 -1 -1 0 
54 1 153 287 22 24 -1 -1 -1 0 
55 1 152 287 25 24 -1 -1 -1 0 
56 1 155 289 21 23 -1 -1 -1 0 
57 1 155 288 22 25 -1 -1 -1 0 
61 1 155 285 22 25 -1 -1 -1 0 
62 1 155 285 21 25 -1 -1 -1 0 
63 1 155 285 21 25 -1 -1 -1 0 
64 1 155 287 21 25 -1 -1 -1 0 
65 1 155 286 21 24 -1 -1 -1 0 
66 1 155 285 20 24 -1 -1 -1 0 
67 1 156 285 19 24 -1 -1 -1 0 
68 1 156 289 19 21 -1 -1 -1 0 
69 1 158 289 16 20 -1 -1 -1 0 
70 1 155 290 19 20 -1 -1 -1 0 
71 1 150 291 25 22 -1 -1 -1 0 
72 1 150 291 25 22 -1 -1 -1 0 
73 1 150 290 26 24 -1 -1 -1 0 
74 1 149 290 27 24 -1 -1 -1 0 
75 1 149 291 27 23 -1 -1 -1 0 
76 1 150 291 26 22 -1 -1 -1 0 
77 1 151 292 24 20 -1 -1 -1 0 
78 1 151 292 24 20 -1 -1 -1 0 
79 1 151 292 24 20 -1 -1 -1 0 
80 1 151 292 23 21 -1 -1 -1 0 
81 1 150 292 24 21 -1 -1 -1 0 
82 1 149 291 26 23 -1 -1 -1 0 
83 1 150 291 24 22 -1 -1 -1 0 
84 1 149 290 26 24 -1 -1 -1 0 
85 1 148 291 29 23 -1 -1 -1 0 
86 1 153 291 22 21 -1 -1 -1 0 
87 1 155 290 21 21 -1 -1 -1 0 
88 1 156 290 19 20 -1 -1 -1 0 
89 1 158 288 18 21 -1 -1 -1 0 
90 1 157 287 20 22 -1 -1 -1 0 
93 1 157 287 18 21 -1 -1 -1 0 
94 1 158 287 18 21 -1 -1 -1 0 
95 1 157 287 20 22 -1 -1 -1 0 
96 1 156 287 21 23 -1 -1 -1 0 
97 1 156 287 21 23 -1 -1 -1 0 
98 1 156 287 21 23 -1 -1 -1 0 
99 1 156 287 19 22 -1 -1 -1 0 
100 1 156 287 20 23 -1 -1 -1 0 
101 1 156 288 20 22 -1 -1 -1 0 
102 1 156 288 20 21 -1 -1 -1 0 
103 1 156 289 20 21 -1 -1 -1 0 
104 1 157 291 19 19 -1 -1 -1 0 
105 1 158 293 17 17 -1 -1 -1 0 
106 1 155 294 20 17 -1 -1 -1 0 
107 1 155 293 21 18 -1 -1 -1 0 
108 1 153 293 24 19 -1 -1 -1 0 
109 1 149 293 27 20 -1 -1 -1 0 
110 1 149 293 27 21 -1 -1 -1 0 
111 1 148 292 30 23 -1 -1 -1 0 
112 1 149 292 28 22 -1 -1 -1 0 
113 1 148 291 30 24 -1 -1 -1 0 
114 1 148 291 30 24 -1 -1 -1 0 
115 1 148 291 30 24 -1 -1 -1 0 
116 1 148 291 30 23 -1 -1 -1 0 
117 1 147 290 29 24 -1 -1 -1 0 
118 1 147 288 30 26 -1 -1 -1 0 
119 1 151 287 25 25 -1 -1 -1 0 
120 1 152 288 24 24 -1 -1 -1 0 
121 1 152 288 23 24 -1 -1 -1 0 
122 1 153 288 22 24 -1 -1 -1 0 
123 1 152 288 24 24 -1 -1 -1 0 
124 1 152 288 24 24 -1 -1 -1 0 
125 1 153 289 24 23 -1 -1 -1 0 
126 1 153 289 24 23 -1 -1 -1 0 
127 1 152 290 26 22 -1 -1 -1 0 
128 1 151 291 23 24 -1 -1 -1 0 
129 1 152 291 23 23 -1 -1 -1 0 
132 1 154 291 21 22 -1 -1 -1 0 
136 1 155 291 26 21 -1 -1 -1 0 
137 1 155 291 26 21 -1 -1 -1 0 
138 1 156 292 24 19 -1 -1 -1 0 
139 1 155 292 26 20 -1 -1 -1 0 
140 1 155 293 24 18 -1 -1 -1 0 
141 1 155 293 25 19 -1 -1 -1 0 
142 1 155 293 23 18 -1 -1 -1 0 
143 1 157 293 20 17 -1 -1 -1 0 
144 1 157 293 20 17 -1 -1 -1 0 
145 1 156 293 20 18 -1 -1 -1 0 
146 1 155 293 20 18 -1 -1 -1 0 
147 1 155 292 20 19 -1 -1 -1 0 
148 1 154 291 22 21 -1 -1 -1 0 
149 1 154 291 21 21 -1 -1 -1 0 
150 1 154 291 21 21 -1 -1 -1 0 
151 1 154 291 21 21 -1 -1 -1 0 
152 1 154 291 20 21 -1 -1 -1 0 
153 1 154 291 20 20 -1 -1 -1 0 
154 1 154 291 20 20 -1 -1 -1 0 
155 1 154 291 20 21 -1 -1 -1 0 
156 1 153 290 22 23 -1 -1 -1 0 
157 1 153 291 22 22 -1 -1 -1 0 
158 1 153 291 22 21 -1 -1 -1 0 
159 1 152 290 23 22 -1 -1 -1 0 
160 1 153 290 22 21 -1 -1 -1 0 
161 1 155 289 18 22 -1 -1 -1 0 
162 1 154 288 20 24 -1 -1 -1 0 
163 1 154 288 20 23 -1 -1 -1 0 
164 1 153 288 21 23 -1 -1 -1 0 
165 1 153 288 21 23 -1 -1 -1 0 
166 1 153 288 21 23 -1 -1 -1 0 
167 1 152 288 22 23 -1 -1 -1 0 
168 1 152 288 22 23 -1 -1 -1 0 
169 1 152 288 22 23 -1 -1 -1 0 
170 1 152 288 22 23 -1 -1 -1 0 
171 1 151 288 24 23 -1 -1 -1 0 
172 1 151 288 24 23 -1 -1 -1 0 
173 1 151 288 23 22 -1 -1 -1 0 
174 1 150 287 25 24 -1 -1 -1 0 
175 1 150 287 26 24 -1 -1 -1 0 
176 1 148 287 27 23 -1 -1 -1 0 
177 1 149 287 25 22 -1 -1 -1 0 
178 1 148 286 26 23 -1 -1 -1 0 
179 1 147 285 27 24 -1 -1 -1 0 
180 1 147 285 27 24 -1 -1 -1 0 
181 1 147 286 27 23 -1 -1 -1 0 
182 1 147 285 25 22 -1 -1 -1 0 
183 1 145 283 26 25 -1 -1 -1 0 
184 1 143 282 30 26 -1 -1 -1 0 
185 1 143 282 27 25 -1 -1 -1 0 
186 1 143 282 27 24 -1 -1 -1 0 
187 1 143 282 25 24 -1 -1 -1 0 
188 1 144 282 22 24 -1 -1 -1 0 
189 1 143 282 23 23 -1 -1 -1 0 
190 1 142 282 24 23 -1 -1 -1 0 
191 1 143 283 22 21 -1 -1 -1 0 
192 1 143 283 22 21 -1 -1 -1 0 
193 1 142 282 24 22 -1 -1 -1 0 
194 1 143 282 21 20 -1 -1 -1 0 
195 1 144 281 20 21 -1 -1 -1 0 
196 1 144 281 20 21 -1 -1 -1 0 
197 1 143 281 22 21 -1 -1 -1 0 
198 1 143 281 22 21 -1 -1 -1 0 
199 1 143 280 21 22 -1 -1 -1 0 
200 1 142 279 23 23 -1 -1 -1 0 
201 1 143 279 23 23 -1 -1 -1 0 
202 1 143 280 23 21 -1 -1 -1 0 
203 1 142 279 23 22 -1 -1 -1 0 
204 1 141 278 25 23 -1 -1 -1 0 
205 1 141 278 23 23 -1 -1 -1 0 
206 1 139 277 26 24 -1 -1 -1 0 
207 1 140 277 25 24 -1 -1 -1 0 
208 1 140 277 24 23 -1 -1 -1 0 
209 1 139 277 24 22 -1 -1 -1 0 
210 1 140 278 22 20 -1 -1 -1 0 
211 1 140 278 21 20 -1 -1 -1 0 
212 1 139 277 21 20 -1 -1 -1 0 
213 1 139 277 21 21 -1 -1 -1 0 
214 1 138 276 22 22 -1 -1 -1 0 
215 1 138 276 20 21 -1 -1 -1 0 
216 1 138 276 20 21 -1 -1 -1 0 
217 1 137 274 21 22 -1 -1 -1 0 
218 1 137 272 21 23 -1 -1 -1 0 
219 1 136 271 21 24 -1 -1 -1 0 
220 1 136 270 22 25 -1 -1 -1 0 
221 1 135 270 22 24 -1 -1 -1 0 
222 1 135 270 22 24 -1 -1 -1 0 
223 1 135 271 21 23 -1 -1 -1 0 
224 1 135 271 21 23 -1 -1 -1 0 
225 1 135 272 21 22 -1 -1 -1 0 
226 1 135 272 20 21 -1 -1 -1 0 
227 1 135 272 20 21 -1 -1 -1 0 
228 1 134 272 22 22 -1 -1 -1 0 
229 1 134 272 22 22 -1 -1 -1 0 
230 1 133 272 22 21 -1 -1 -1 0 
232 1 129 271 24 22 -1 -1 -1 0 
326 1 117 231 21 20 -1 -1 -1 0 
327 1 118 231 20 20 -1 -1 -1 0 
328 1 117 230 22 20 -1 -1 -1 0 
329 1 117 230 22 20 -1 -1 -1 0 
330 1 118 231 20 18 -1 -1 -1 0 
331 1 117 230 21 19 -1 -1 -1 0 
332 1 116 229 23 20 -1 -1 -1 0 
334 1 116 229 22 19 -1 -1 -1 0 
335 1 116 229 22 19 -1 -1 -1 0 
336 1 117 230 21 17 -1 -1 -1 0 
337 1 117 230 21 17 -1 -1 -1 0 
338 1 117 230 20 17 -1 -1 -1 0 
339 1 117 229 20 18 -1 -1 -1 0 
340 1 116 228 22 19 -1 -1 -1 0 
341 1 117 227 18 19 -1 -1 -1 0 
346 1 116 223 18 18 -1 -1 -1 0 
350 1 114 221 18 17 -1 -1 -1 0 
351 1 114 220 18 18 -1 -1 -1 0 
352 1 112 219 19 19 -1 -1 -1 0 
353 1 111 218 20 19 -1 -1 -1 0 
354 1 112 218 20 18 -1 -1 -1 0 
355 1 113 217 17 18 -1 -1 -1 0 
362 1 110 212 25 19 -1 -1 -1 0 
363 1 112 212 23 18 -1 -1 -1 0 
364 1 111 211 24 20 -1 -1 -1 0 
365 1 111 208 26 22 -1 -1 -1 0 
366 1 111 208 26 22 -1 -1 -1 0 
367 1 111 208 25 21 -1 -1 -1 0 
368 1 110 208 26 21 -1 -1 -1 0 
369 1 110 208 26 21 -1 -1 -1 0 
370 1 110 208 25 19 -1 -1 -1 0 
371 1 109 208 26 19 -1 -1 -1 0 
372 1 110 208 24 18 -1 -1 -1 0 
373 1 112 207 22 20 -1 -1 -1 0 
379 1 111 206 23 21 -1 -1 -1 0 
402 1 111 193 20 19 -1 -1 -1 0 
404 1 111 192 19 19 -1 -1 -1 0 
422 1 109 182 22 19 -1 -1 -1 0 
423 1 107 182 22 19 -1 -1 -1 0 
437 1 108 176 19 19 -1 -1 -1 0 
438 1 108 176 19 19 -1 -1 -1 0 
439 1 109 176 19 18 -1 -1 -1 0 
440 1 110 176 19 19 -1 -1 -1 0 
441 1 110 176 19 19 -1 -1 -1 0 
442 1 110 176 20 20 -1 -1 -1 0 
443 1 109 175 22 22 -1 -1 -1 0 
444 1 109 175 22 22 -1 -1 -1 0 
445 1 109 175 22 22 -1 -1 -1 0 
446 1 109 174 22 22 -1 -1 -1 0 
447 1 109 174 22 20 -1 -1 -1 0 
454 1 112 168 21 19 -1 -1 -1 0 
455 1 111 166 25 20 -1 -1 -1 0 
456 1 112 166 24 19 -1 -1 -1 0 
457 1 113 166 23 18 -1 -1 -1 0 
458 1 114 167 22 17 -1 -1 -1 0 
459 1 118 166 17 15 -1 -1 -1 0 
460 1 121 166 13 13 -1 -1 -1 0 
461 1 121 165 13 14 -1 -1 -1 0 
462 1 121 165 13 14 -1 -1 -1 0 
463 1 121 164 13 15 -1 -1 -1 0 
464 1 120 163 14 16 -1 -1 -1 0 
465 1 119 161 14 17 -1 -1 -1 0 
466 1 118 160 16 18 -1 -1 -1 0 
467 1 117 161 17 18 -1 -1 -1 0 
468 1 118 161 15 17 -1 -1 -1 0 
469 1 117 161 17 17 -1 -1 -1 0 
470 1 116 160 19 19 -1 -1 -1 0 
471 1 116 160 19 18 -1 -1 -1 0 
472 1 119 160 16 18 -1 -1 -1 0 
473 1 119 160 17 19 -1 -1 -1 0 
474 1 119 160 16 18 -1 -1 -1 0 
475 1 117 159 19 20 -1 -1 -1 0 
476 1 117 159 18 20 -1 -1 -1 0 
477 1 117 159 19 20 -1 -1 -1 0 
478 1 117 159 19 20 -1 -1 -1 0 
479 1 117 158 19 20 -1 -1 -1 0 
480 1 117 158 19 20 -1 -1 -1 0 
481 1 119 157 15 19 -1 -1 -1 0 
482 1 116 156 18 21 -1 -1 -1 0 
483 1 118 156 17 21 -1 -1 -1 0 
484 1 118 155 18 21 -1 -1 -1 0 
485 1 119 156 17 20 -1 -1 -1 0 
486 1 119 156 16 19 -1 -1 -1 0 
487 1 117 155 20 20 -1 -1 -1 0 
488 1 118 155 18 19 -1 -1 -1 0 
489 1 118 154 19 20 -1 -1 -1 0 
490 1 119 154 19 20 -1 -1 -1 0 
491 1 119 153 19 21 -1 -1 -1 0 
492 1 119 152 20 23 -1 -1 -1 0 
493 1 117 151 21 23 -1 -1 -1 0 
494 1 117 150 20 23 -1 -1 -1 0 
495 1 116 149 22 25 -1 -1 -1 0 
496 1 117 149 20 24 -1 -1 -1 0 
497 1 117 148 21 25 -1 -1 -1 0 
498 1 116 147 23 27 -1 -1 -1 0 
499 1 115 146 24 26 -1 -1 -1 0 
500 1 114 146 25 27 -1 -1 -1 0 
501 1 114 145 26 29 -1 -1 -1 0 
502 1 114 145 26 29 -1 -1 -1 0 
503 1 115 145 25 28 -1 -1 -1 0 
504 1 115 145 25 28 -1 -1 -1 0 
505 1 115 145 25 28 -1 -1 -1 0 
506 1 114 145 25 28 -1 -1 -1 0 
507 1 113 144 26 28 -1 -1 -1 0 
508 1 114 144 25 27 -1 -1 -1 0 
509 1 115 143 24 27 -1 -1 -1 0 
510 1 115 143 24 27 -1 -1 -1 0 
511 1 116 143 23 26 -1 -1 -1 0 
512 1 115 142 25 28 -1 -1 -1 0 
513 1 114 140 26 29 -1 -1 -1 0 
514 1 114 139 26 28 -1 -1 -1 0 
515 1 114 140 26 26 -1 -1 -1 0 
516 1 114 139 26 26 -1 -1 -1 0 
517 1 115 140 23 25 -1 -1 -1 0 
518 1 114 139 25 26 -1 -1 -1 0 
519 1 115 139 25 25 -1 -1 -1 0 
520 1 115 139 25 24 -1 -1 -1 0 
521 1 116 139 23 23 -1 -1 -1 0 
522 1 116 139 23 23 -1 -1 -1 0 
523 1 116 139 24 22 -1 -1 -1 0 
524 1 118 140 21 20 -1 -1 -1 0 
525 1 119 139 21 20 -1 -1 -1 0 
526 1 118 139 23 20 -1 -1 -1 0 
527 1 120 139 19 18 -1 -1 -1 0 
528 1 120 139 19 18 -1 -1 -1 0 
529 1 120 138 19 20 -1 -1 -1 0 
530 1 120 137 19 20 -1 -1 -1 0 
531 1 119 137 20 20 -1 -1 -1 0 
532 1 120 137 19 19 -1 -1 -1 0 
538 1 120 137 19 19 -1 -1 -1 0 
541 1 119 137 22 19 -1 -1 -1 0 
544 1 122 135 19 20 -1 -1 -1 0 
582 1 125 133 19 21 -1 -1 -1 0 
584 3 225 148 18 14 -1 -1 -1 0 
751 1 132 134 18 20 -1 -1 -1 0 
751 3 222 144 17 12 -1 -1 -1 0 
758 1 131 138 17 19 -1 -1 -1 0 
759 1 131 138 17 21 -1 -1 -1 0 
760 1 129 138 20 22 -1 -1 -1 0 
761 1 129 138 19 22 -1 -1 -1 0 
762 1 129 138 19 22 -1 -1 -1 0 
763 1 130 138 17 21 -1 -1 -1 0 
764 1 129 138 19 22 -1 -1 -1 0 
765 1 129 139 18 21 -1 -1 -1 0 
766 1 128 138 19 23 -1 -1 -1 0 
767 1 128 138 19 23 -1 -1 -1 0 
768 1 127 139 20 23 -1 -1 -1 0 
769 1 128 139 18 22 -1 -1 -1 0 
770 1 127 139 19 22 -1 -1 -1 0 
771 1 127 140 18 21 -1 -1 -1 0 
772 1 128 140 17 21 -1 -1 -1 0 
773 1 127 139 19 23 -1 -1 -1 0 
774 1 127 139 20 23 -1 -1 -1 0 
775 1 126 139 20 23 -1 -1 -1 0 
776 1 125 139 21 23 -1 -1 -1 0 
777 1 125 140 21 23 -1 -1 -1 0 
778 1 126 141 21 23 -1 -1 -1 0 
779 1 125 140 22 25 -1 -1 -1 0 
780 1 124 141 24 25 -1 -1 -1 0 
781 1 125 142 22 24 -1 -1 -1 0 
782 1 124 141 24 26 -1 -1 -1 0 
783 1 124 141 24 26 -1 -1 -1 0 
784 1 123 141 25 26 -1 -1 -1 0 
785 1 123 141 25 26 -1 -1 -1 0 
786 1 122 141 26 26 -1 -1 -1 0 
787 1 122 141 26 26 -1 -1 -1 0 
788 1 122 142 25 25 -1 -1 -1 0 
789 1 122 142 23 26 -1 -1 -1 0 
792 1 121 141 22 26 -1 -1 -1 0 
797 1 119 144 20 23 -1 -1 -1 0 
798 1 118 145 21 22 -1 -1 -1 0 
800 1 119 146 19 21 -1 -1 -1 0 
808 1 122 153 17 18 -1 -1 -1 0 
809 1 122 153 17 18 -1 -1 -1 0 
810 1 123 153 15 18 -1 -1 -1 0 
811 1 123 154 14 18 -1 -1 -1 0 
812 1 123 154 14 18 -1 -1 -1 0 
813 1 123 154 15 19 -1 -1 -1 0 
814 1 124 155 13 17 -1 -1 -1 0 
815 1 123 155 15 18 -1 -1 -1 0 
816 1 123 155 14 17 -1 -1 -1 0 
817 1 122 155 15 17 -1 -1 -1 0 
818 1 122 155 15 18 -1 -1 -1 0 
819 1 122 155 15 18 -1 -1 -1 0 
820 1 121 155 17 19 -1 -1 -1 0 
821 1 121 155 17 18 -1 -1 -1 0 
822 1 122 155 15 17 -1 -1 -1 0 
823 1 122 156 15 17 -1 -1 -1 0 
824 1 121 156 16 17 -1 -1 -1 0 
825 1 122 157 13 15 -1 -1 -1 0 
826 1 122 157 12 15 -1 -1 -1 0 
827 1 122 157 12 15 -1 -1 -1 0 
828 1 121 157 15 16 -1 -1 -1 0 
829 1 122 158 12 15 -1 -1 -1 0 
830 1 122 158 12 15 -1 -1 -1 0 
831 1 122 158 12 15 -1 -1 -1 0 
838 1 115 168 18 15 -1 -1 -1 0 
839 1 115 168 18 15 -1 -1 -1 0 
840 1 115 168 18 14 -1 -1 -1 0 
841 1 114 169 17 14 -1 -1 -1 0 
842 1 112 167 18 16 -1 -1 -1 0 
843 1 111 166 19 17 -1 -1 -1 0 
844 1 112 167 18 19 -1 -1 -1 0 
845 1 112 167 18 19 -1 -1 -1 0 
846 1 112 167 20 21 -1 -1 -1 0 
847 1 113 168 18 20 -1 -1 -1 0 
848 1 112 168 19 21 -1 -1 -1 0 
849 1 112 168 20 20 -1 -1 -1 0 
850 1 112 168 18 19 -1 -1 -1 0 
851 1 111 167 21 21 -1 -1 -1 0 
852 1 112 168 20 20 -1 -1 -1 0 
853 1 110 168 22 23 -1 -1 -1 0 
854 1 109 168 24 23 -1 -1 -1 0 
855 1 110 169 22 22 -1 -1 -1 0 
856 1 110 169 23 22 -1 -1 -1 0 
857 1 110 169 22 22 -1 -1 -1 0 
858 1 110 170 22 21 -1 -1 -1 0 
859 1 111 170 20 21 -1 -1 -1 0 
860 1 112 170 20 21 -1 -1 -1 0 
862 1 111 171 20 21 -1 -1 -1 0 
863 1 110 170 23 23 -1 -1 -1 0 
864 1 107 173 27 22 -1 -1 -1 0 
865 1 109 175 24 19 -1 -1 -1 0 
866 1 109 174 21 19 -1 -1 -1 0 
867 1 110 175 23 20 -1 -1 -1 0 
868 1 109 175 22 19 -1 -1 -1 0 
869 1 109 175 22 19 -1 -1 -1 0 
870 1 108 176 21 18 -1 -1 -1 0 
871 1 108 176 20 17 -1 -1 -1 0 
913 1 112 201 22 17 -1 -1 -1 0 
914 1 112 202 20 17 -1 -1 -1 0 
915 1 112 202 21 17 -1 -1 -1 0 
916 1 111 201 22 18 -1 -1 -1 0 
917 1 111 201 22 18 -1 -1 -1 0 
918 1 110 201 23 19 -1 -1 -1 0 
919 1 110 201 23 19 -1 -1 -1 0 
920 1 110 202 23 18 -1 -1 -1 0 
921 1 112 202 21 18 -1 -1 -1 0 
922 1 111 202 24 20 -1 -1 -1 0 
923 1 111 202 24 20 -1 -1 -1 0 
924 1 110 203 25 20 -1 -1 -1 0 
925 1 110 204 24 19 -1 -1 -1 0 
926 1 111 205 22 18 -1 -1 -1 0 
927 1 112 205 21 19 -1 -1 -1 0 
928 1 111 205 24 21 -1 -1 -1 0 
929 1 111 205 24 21 -1 -1 -1 0 
930 1 111 205 24 21 -1 -1 -1 0 
931 1 110 207 26 20 -1 -1 -1 0 
932 1 110 207 26 20 -1 -1 -1 0 
933 1 110 207 26 20 -1 -1 -1 0 
934 1 112 208 22 19 -1 -1 -1 0 
935 1 111 208 24 19 -1 -1 -1 0 
936 1 112 207 22 20 -1 -1 -1 0 
937 1 111 207 24 21 -1 -1 -1 0 
938 1 111 207 24 21 -1 -1 -1 0 
939 1 112 208 23 21 -1 -1 -1 0 
943 1 113 212 21 19 -1 -1 -1 0 
944 1 114 212 19 19 -1 -1 -1 0 
945 1 115 213 17 17 -1 -1 -1 0 
946 1 115 213 19 18 -1 -1 -1 0 
947 1 116 214 16 16 -1 -1 -1 0 
948 1 115 215 18 16 -1 -1 -1 0 
961 1 114 220 19 17 -1 -1 -1 0 
994 1 114 223 18 16 -1 -1 -1 0 
997 4 217 139 18 14 -1 -1 -1 0 
998 4 218 140 16 12 -1 -1 -1 0 
1059 1 123 267 17 15 -1 -1 -1 0 
1059 4 219 142 17 13 -1 -1 -1 0 
1065 1 124 266 16 18 -1 -1 -1 0 
1066 1 124 266 17 18 -1 -1 -1 0 
1067 1 125 266 16 18 -1 -1 -1 0 
1068 1 124 266 18 19 -1 -1 -1 0 
1069 1 124 267 18 18 -1 -1 -1 0 
1070 1 124 267 17 18 -1 -1 -1 0 
1071 1 125 268 16 17 -1 -1 -1 0 
1072 1 125 268 17 17 -1 -1 -1 0 
1073 1 125 268 17 17 -1 -1 -1 0 
1074 1 124 269 18 17 -1 -1 -1 0 
1075 1 125 269 17 16 -1 -1 -1 0 
1076 1 124 269 19 17 -1 -1 -1 0 
1077 1 124 268 18 19 -1 -1 -1 0 
1100 1 131 281 20 19 -1 -1 -1 0 
1101 1 129 279 26 20 -1 -1 -1 0 
1102 1 130 279 21 22 -1 -1 -1 0 
1103 1 127 278 28 23 -1 -1 -1 0 
1104 1 131 279 20 23 -1 -1 -1 0 
1107 1 134 278 20 22 -1 -1 -1 0 
1108 1 134 279 19 21 -1 -1 -1 0 
1109 1 134 279 19 21 -1 -1 -1 0 
1110 1 135 281 17 20 -1 -1 -1 0 
1111 1 135 281 17 23 -1 -1 -1 0 
1112 1 133 282 20 24 -1 -1 -1 0 
1113 1 134 283 20 23 -1 -1 -1 0 
1114 1 133 282 22 25 -1 -1 -1 0 
1115 1 132 282 24 25 -1 -1 -1 0 
1116 1 134 283 21 24 -1 -1 -1 0 
1117 1 133 282 25 25 -1 -1 -1 0 
1118 1 134 283 24 24 -1 -1 -1 0 
1119 1 136 284 20 23 -1 -1 -1 0 
1120 1 136 284 21 23 -1 -1 -1 0 
1121 1 136 284 22 22 -1 -1 -1 0 
1122 1 137 285 22 21 -1 -1 -1 0 
1123 1 137 285 22 22 -1 -1 -1 0 
1124 1 136 284 25 23 -1 -1 -1 0 
1125 1 137 285 23 22 -1 -1 -1 0 
1126 1 136 284 25 23 -1 -1 -1 0 
1127 1 137 284 23 22 -1 -1 -1 0 
1128 1 137 284 24 23 -1 -1 -1 0 
1129 1 137 284 24 23 -1 -1 -1 0 
1130 1 138 285 22 22 -1 -1 -1 0 
1131 1 137 285 24 23 -1 -1 -1 0 
1132 1 138 285 23 23 -1 -1 -1 0 
1133 1 139 286 22 22 -1 -1 -1 0 
1134 1 141 287 20 20 -1 -1 -1 0 
1135 1 142 288 20 19 -1 -1 -1 0 
1147 1 144 295 19 17 -1 -1 -1 0 
1148 1 145 296 17 15 -1 -1 -1 0 
1149 1 145 295 18 16 -1 -1 -1 0 
1150 1 146 296 16 14 -1 -1 -1 0 
1151 1 145 296 17 15 -1 -1 -1 0 
1152 1 145 296 18 16 -1 -1 -1 0 
1153 1 145 297 17 14 -1 -1 -1 0 
1154 1 146 297 20 17 -1 -1 -1 0 
1155 1 147 297 17 18 -1 -1 -1 0 
1156 1 148 298 17 18 -1 -1 -1 0 
1156 4 210 134 17 16 -1 -1 -1 0 
1157 4 208 133 20 18 -1 -1 -1 0 
1158 4 209 133 19 18 -1 -1 -1 0 
1159 1 148 297 20 21 -1 -1 -1 0 
1159 4 209 134 18 17 -1 -1 -1 0 
1160 1 149 297 19 22 -1 -1 -1 0 
1161 1 149 297 20 23 -1 -1 -1 0 
1162 1 148 298 19 21 -1 -1 -1 0 
1163 1 148 298 19 21 -1 -1 -1 0 
1164 1 149 298 19 21 -1 -1 -1 0 
1165 1 150 299 17 20 -1 -1 -1 0 
1166 1 149 298 19 22 -1 -1 -1 0 
1167 1 150 299 17 21 -1 -1 -1 0 
1168 1 149 298 19 23 -1 -1 -1 0 
1169 1 148 298 20 23 -1 -1 -1 0 
1170 1 149 299 19 22 -1 -1 -1 0 
1171 1 149 299 20 23 -1 -1 -1 0 
1172 1 149 299 21 23 -1 -1 -1 0 
1173 1 148 302 21 23 -1 -1 -1 0 
1174 1 149 303 21 24 -1 -1 -1 0 
1175 1 147 302 24 26 -1 -1 -1 0 
1176 1 148 303 23 25 -1 -1 -1 0 
1177 1 148 303 24 26 -1 -1 -1 0 
1178 1 148 303 24 26 -1 -1 -1 0 
1179 1 149 303 24 26 -1 -1 -1 0 
1180 1 149 303 25 26 -1 -1 -1 0 
1181 1 149 303 25 26 -1 -1 -1 0 
1182 1 149 304 26 25 -1 -1 -1 0 
1183 1 150 304 28 25 -1 -1 -1 0 
1184 1 149 304 30 26 -1 -1 -1 0 
1185 1 150 304 28 25 -1 -1 -1 0 
1186 1 150 303 30 25 -1 -1 -1 0 
1187 1 150 303 30 25 -1 -1 -1 0 
1188 1 151 303 29 24 -1 -1 -1 0 
1189 1 153 304 26 22 -1 -1 -1 0 
1190 1 153 303 28 23 -1 -1 -1 0 
1191 1 155 304 25 22 -1 -1 -1 0 
1192 1 156 304 25 23 -1 -1 -1 0 
1193 1 156 305 24 21 -1 -1 -1 0 
1194 1 155 305 26 22 -1 -1 -1 0 
1195 1 157 306 24 20 -1 -1 -1 0 
1196 1 157 306 23 20 -1 -1 -1 0 
1197 1 157 306 24 21 -1 -1 -1 0 
1198 1 157 306 24 21 -1 -1 -1 0 
1199 1 157 306 23 21 -1 -1 -1 0 
1200 1 157 307 24 21 -1 -1 -1 0 
1201 1 158 307 22 21 -1 -1 -1 0 
1202 1 158 307 22 21 -1 -1 -1 0 
1203 1 157 307 25 22 -1 -1 -1 0 
1204 1 158 308 23 21 -1 -1 -1 0 
1205 1 158 308 23 21 -1 -1 -1 0 
1206 1 158 307 24 23 -1 -1 -1 0 
1207 1 157 307 25 23 -1 -1 -1 0 
1208 1 157 307 25 23 -1 -1 -1 0 
1209 1 158 307 24 23 -1 -1 -1 0 
1210 1 157 308 26 22 -1 -1 -1 0 
1211 1 158 308 24 21 -1 -1 -1 0 
1212 1 160 307 21 21 -1 -1 -1 0 
1213 1 160 308 21 20 -1 -1 -1 0 
1214 1 159 309 22 20 -1 -1 -1 0 
1215 1 158 309 24 21 -1 -1 -1 0 
1216 1 160 309 23 20 -1 -1 -1 0 
1217 1 161 310 20 18 -1 -1 -1 0 
1218 1 163 310 17 18 -1 -1 -1 0 
1219 1 163 310 17 19 -1 -1 -1 0 
1220 1 162 309 20 22 -1 -1 -1 0 
1221 1 163 309 18 20 -1 -1 -1 0 
1222 1 164 309 17 20 -1 -1 -1 0 
1223 1 165 310 16 18 -1 -1 -1 0 
1224 1 164 310 17 18 -1 -1 -1 0 
1225 1 165 310 17 18 -1 -1 -1 0 
1226 1 168 310 16 19 -1 -1 -1 0 
1227 1 169 310 15 18 -1 -1 -1 0 
1228 1 169 311 14 16 -1 -1 -1 0 
1229 1 169 311 14 16 -1 -1 -1 0 
1230 1 169 311 14 16 -1 -1 -1 0 
1231 1 169 311 15 18 -1 -1 -1 0 
1232 1 172 314 16 20 -1 -1 -1 0 
1233 1 170 314 18 21 -1 -1 -1 0 
1234 1 169 317 19 22 -1 -1 -1 0 
1235 1 169 317 19 22 -1 -1 -1 0 
1236 1 168 318 19 21 -1 -1 -1 0 
1237 1 168 318 20 22 -1 -1 -1 0 
1238 1 167 316 24 23 -1 -1 -1 0 
1239 1 167 317 24 21 -1 -1 -1 0 
1240 1 167 319 23 20 -1 -1 -1 0 
1241 1 166 318 25 22 -1 -1 -1 0 
1242 1 167 319 23 22 -1 -1 -1 0 
1243 1 167 320 22 21 -1 -1 -1 0 
1244 1 167 319 24 23 -1 -1 -1 0 
1245 1 168 320 23 22 -1 -1 -1 0 
1246 1 169 320 21 21 -1 -1 -1 0 
1247 1 169 320 21 21 -1 -1 -1 0 
1248 1 169 320 21 20 -1 -1 -1 0 
1249 1 170 321 19 18 -1 -1 -1 0 
1250 1 169 322 20 19 -1 -1 -1 0 
1251 1 169 322 20 19 -1 -1 -1 0 
1252 1 169 322 20 19 -1 -1 -1 0 
1253 1 170 322 18 19 -1 -1 -1 0 
1254 1 169 322 20 20 -1 -1 -1 0 
1255 1 170 321 21 21 -1 -1 -1 0 
1256 1 171 319 20 21 -1 -1 -1 0 
1257 1 173 319 20 20 -1 -1 -1 0 
1258 1 173 320 19 19 -1 -1 -1 0 
1259 1 173 320 19 19 -1 -1 -1 0 
1260 1 174 321 19 23 -1 -1 -1 0 
1261 1 174 322 21 25 -1 -1 -1 0 
1262 1 175 326 23 23 -1 -1 -1 0 
1263 1 175 328 22 21 -1 -1 -1 0 
1264 1 178 328 19 21 -1 -1 -1 0 
1265 1 177 328 21 21 -1 -1 -1 0 
1266 1 178 328 19 21 -1 -1 -1 0 
1267 1 178 329 20 22 -1 -1 -1 0 
1268 1 178 331 21 20 -1 -1 -1 0 
1269 1 179 332 20 19 -1 -1 -1 0 
1270 1 180 333 18 18 -1 -1 -1 0 
1271 1 180 333 18 18 -1 -1 -1 0 
1272 1 180 333 19 18 -1 -1 -1 0 
1273 1 179 333 21 19 -1 -1 -1 0 
1274 1 181 333 18 19 -1 -1 -1 0 
1275 1 180 332 21 21 -1 -1 -1 0 
1276 1 180 332 23 21 -1 -1 -1 0 
1277 1 180 332 23 21 -1 -1 -1 0 
1278 1 180 332 25 21 -1 -1 -1 0 
1279 1 180 332 27 22 -1 -1 -1 0 
1280 1 179 332 30 23 -1 -1 -1 0 
1281 1 180 332 28 22 -1 -1 -1 0 
1282 1 181 333 28 23 -1 -1 -1 0 
1283 1 180 332 30 25 -1 -1 -1 0 
1284 1 180 332 29 25 -1 -1 -1 0 
1285 1 180 331 30 27 -1 -1 -1 0 
1286 1 181 332 30 27 -1 -1 -1 0 
1287 1 181 333 31 27 -1 -1 -1 0 
1288 1 182 334 30 26 -1 -1 -1 0 
1289 1 182 334 29 25 -1 -1 -1 0 
1290 1 182 333 30 27 -1 -1 -1 0 
1291 1 183 334 29 27 -1 -1 -1 0 
1292 1 184 335 27 26 -1 -1 -1 0 
1293 1 186 336 25 25 -1 -1 -1 0 
1294 1 187 337 24 25 -1 -1 -1 0 
1295 1 188 338 22 23 -1 -1 -1 0 
1296 1 187 338 25 24 -1 -1 -1 0 
1297 1 188 339 23 23 -1 -1 -1 0 
1298 1 188 339 25 23 -1 -1 -1 0 
1299 1 187 339 26 24 -1 -1 -1 0 
1300 1 188 339 25 24 -1 -1 -1 0 
1301 1 189 340 24 22 -1 -1 -1 0 
1302 1 190 340 23 22 -1 -1 -1 0 
1303 1 192 339 21 22 -1 -1 -1 0 
1304 1 192 340 22 22 -1 -1 -1 0 
1305 1 192 340 24 23 -1 -1 -1 0 
1306 1 193 341 23 21 -1 -1 -1 0 
1307 1 193 341 23 21 -1 -1 -1 0 
1308 1 193 341 26 22 -1 -1 -1 0 
1309 1 193 340 28 24 -1 -1 -1 0 
1310 1 193 340 29 25 -1 -1 -1 0 
1311 1 192 338 31 27 -1 -1 -1 0 
1312 1 193 339 30 26 -1 -1 -1 0 
1313 1 193 339 30 26 -1 -1 -1 0 
1314 1 194 340 29 26 -1 -1 -1 0 
1315 1 194 340 29 26 -1 -1 -1 0 
1316 1 195 340 29 26 -1 -1 -1 0 
1317 1 196 340 28 26 -1 -1 -1 0 
1318 1 196 340 28 26 -1 -1 -1 0 
1319 1 196 340 28 26 -1 -1 -1 0 
1320 1 196 340 28 26 -1 -1 -1 0 
1321 1 197 341 28 25 -1 -1 -1 0 
1322 1 199 342 25 23 -1 -1 -1 0 
1323 1 199 343 25 23 -1 -1 -1 0 
1324 1 201 345 22 21 -1 -1 -1 0 
1325 1 200 345 23 21 -1 -1 -1 0 
1326 1 201 345 22 21 -1 -1 -1 0 
1327 1 200 345 25 22 -1 -1 -1 0 
1328 1 201 346 25 21 -1 -1 -1 0 
1329 1 202 346 24 20 -1 -1 -1 0 
1330 1 202 346 24 21 -1 -1 -1 0 
1331 1 202 346 24 21 -1 -1 -1 0 
1332 1 203 346 24 21 -1 -1 -1 0 
1333 1 203 346 24 21 -1 -1 -1 0 
1334 1 203 348 24 20 -1 -1 -1 0 
1335 1 204 349 23 19 -1 -1 -1 0 
1336 1 205 350 21 18 -1 -1 -1 0 
1337 1 205 350 21 18 -1 -1 -1 0 
1338 1 204 350 23 19 -1 -1 -1 0 
1339 1 205 351 21 17 -1 -1 -1 0 
1340 1 206 350 22 19 -1 -1 -1 0 
1341 1 206 350 22 19 -1 -1 -1 0 
1342 1 206 350 24 20 -1 -1 -1 0 
1343 1 206 349 24 21 -1 -1 -1 0 
1344 1 207 348 24 23 -1 -1 -1 0 
1345 1 207 347 26 25 -1 -1 -1 0 
1346 1 207 347 26 25 -1 -1 -1 0 
1347 1 208 348 24 24 -1 -1 -1 0 
1348 1 208 348 26 26 -1 -1 -1 0 
1349 1 208 347 26 26 -1 -1 -1 0 
1350 1 208 349 26 26 -1 -1 -1 0 
1351 1 208 349 26 26 -1 -1 -1 0 
1352 1 210 350 22 25 -1 -1 -1 0 
1353 1 210 350 23 26 -1 -1 -1 0 
1354 1 210 351 22 25 -1 -1 -1 0 
1355 1 209 350 24 26 -1 -1 -1 0 
1356 1 211 351 21 25 -1 -1 -1 0 
1357 1 211 351 21 26 -1 -1 -1 0 
1358 1 210 351 24 27 -1 -1 -1 0 
1359 1 211 352 21 26 -1 -1 -1 0 
1360 1 211 352 23 27 -1 -1 -1 0 
1361 1 211 352 23 27 -1 -1 -1 0 
1362 1 212 353 22 26 -1 -1 -1 0 
1363 1 211 352 24 28 -1 -1 -1 0 
1364 1 211 353 24 27 -1 -1 -1 0 
1365 1 211 353 25 27 -1 -1 -1 0 
1366 1 212 355 26 25 -1 -1 -1 0 
1367 1 213 356 25 24 -1 -1 -1 0 
1368 1 213 356 24 24 -1 -1 -1 0 
1369 1 214 356 23 24 -1 -1 -1 0 
1370 1 213 356 25 25 -1 -1 -1 0 
1371 1 214 358 24 23 -1 -1 -1 0 
1372 1 214 359 24 23 -1 -1 -1 0 
1373 1 214 359 24 23 -1 -1 -1 0 
1374 1 214 359 25 23 -1 -1 -1 0 
1375 1 214 359 25 24 -1 -1 -1 0 
1376 1 213 358 27 26 -1 -1 -1 0 
1377 1 214 359 27 25 -1 -1 -1 0 
1378 1 215 360 26 23 -1 -1 -1 0 
1379 1 215 360 26 23 -1 -1 -1 0 
1380 1 215 359 27 25 -1 -1 -1 0 
1381 1 216 358 28 26 -1 -1 -1 0 
1382 1 217 359 26 25 -1 -1 -1 0 
1383 1 217 358 26 27 -1 -1 -1 0 
1384 1 218 358 26 27 -1 -1 -1 0 
1385 1 218 358 26 27 -1 -1 -1 0 
1386 1 219 359 25 26 -1 -1 -1 0 
1387 1 219 359 25 26 -1 -1 -1 0 
1388 1 220 360 24 25 -1 -1 -1 0 
1389 1 221 361 23 23 -1 -1 -1 0 
1390 1 221 361 25 24 -1 -1 -1 0 
1391 1 222 362 22 22 -1 -1 -1 0 
1392 1 223 362 22 22 -1 -1 -1 0 
1393 1 223 363 22 22 -1 -1 -1 0 
1394 1 224 364 21 22 -1 -1 -1 0 
1395 1 225 365 20 22 -1 -1 -1 0 
1396 1 226 366 19 22 -1 -1 -1 0 
1397 1 225 366 21 23 -1 -1 -1 0 
1398 1 225 367 21 22 -1 -1 -1 0 
1399 1 226 367 20 22 -1 -1 -1 0 
1400 1 227 367 20 22 -1 -1 -1 0 
1401 1 226 367 22 23 -1 -1 -1 0 
1402 1 227 368 21 21 -1 -1 -1 0 
1403 1 227 368 21 21 -1 -1 -1 0 
1404 1 228 368 19 21 -1 -1 -1 0 
1405 1 228 368 21 22 -1 -1 -1 0 
1406 1 228 367 22 24 -1 -1 -1 0 
1407 1 228 368 22 23 -1 -1 -1 0 
1408 1 228 367 23 25 -1 -1 -1 0 
1409 1 228 368 22 24 -1 -1 -1 0 
1410 1 228 367 22 25 -1 -1 -1 0 
1411 1 229 367 21 24 -1 -1 -1 0 
1412 1 229 367 21 23 -1 -1 -1 0 
1413 1 229 368 20 21 -1 -1 -1 0 
1414 1 230 368 20 21 -1 -1 -1 0 
1415 1 230 368 20 21 -1 -1 -1 0 
1416 1 231 368 19 21 -1 -1 -1 0 
1417 1 231 368 20 21 -1 -1 -1 0 
1418 1 231 368 19 21 -1 -1 -1 0 
1419 1 232 368 18 21 -1 -1 -1 0 
1420 1 231 368 20 21 -1 -1 -1 0 
1421 1 232 369 17 19 -1 -1 -1 0 
1422 1 232 369 17 20 -1 -1 -1 0 
1423 1 231 368 19 21 -1 -1 -1 0 
1424 1 232 369 17 19 -1 -1 -1 0 
1425 1 233 369 16 19 -1 -1 -1 0 
1426 1 232 369 18 20 -1 -1 -1 0 
1427 1 233 370 16 18 -1 -1 -1 0 
1428 1 233 370 16 18 -1 -1 -1 0 
1429 1 233 370 16 18 -1 -1 -1 0 
1430 1 232 370 17 19 -1 -1 -1 0 
1431 1 232 370 17 19 -1 -1 -1 0 
1432 1 232 370 17 19 -1 -1 -1 0 
1433 1 232 369 18 20 -1 -1 -1 0 
1434 1 231 369 19 21 -1 -1 -1 0 
1435 1 231 369 20 21 -1 -1 -1 0 
1436 1 232 370 18 19 -1 -1 -1 0 
1437 1 233 370 17 19 -1 -1 -1 0 
1438 1 234 371 15 17 -1 -1 -1 0 
1439 1 233 371 16 17 -1 -1 -1 0 
1440 1 234 371 15 17 -1 -1 -1 0 
1441 1 234 370 15 17 -1 -1 -1 0 
1442 1 234 370 15 17 -1 -1 -1 0 
1443 1 234 369 15 18 -1 -1 -1 0 
1444 1 233 368 18 19 -1 -1 -1 0 
1445 1 234 369 15 17 -1 -1 -1 0 
1446 1 234 369 16 17 -1 -1 -1 0 
1447 1 234 369 16 17 -1 -1 -1 0 
1448 1 234 368 16 18 -1 -1 -1 0 
1449 1 233 367 18 20 -1 -1 -1 0 
1450 1 233 367 18 20 -1 -1 -1 0 
1451 1 233 367 18 20 -1 -1 -1 0 
1452 1 232 367 19 20 -1 -1 -1 0 
1453 1 232 367 19 20 -1 -1 -1 0 
1454 1 232 367 19 19 -1 -1 -1 0 
1455 1 232 366 20 19 -1 -1 -1 0 
1456 1 231 365 21 21 -1 -1 -1 0 
1457 1 231 365 21 21 -1 -1 -1 0 
1458 1 230 364 23 21 -1 -1 -1 0 
1459 1 231 365 21 20 -1 -1 -1 0 
1460 1 231 365 19 20 -1 -1 -1 0 
1461 1 231 365 19 20 -1 -1 -1 0 
1462 1 231 364 19 20 -1 -1 -1 0 
1463 1 230 363 21 22 -1 -1 -1 0 
1464 1 230 362 23 22 -1 -1 -1 0 
1465 1 230 360 23 24 -1 -1 -1 0 
1466 1 231 361 20 23 -1 -1 -1 0 
1467 1 231 361 19 22 -1 -1 -1 0 
1468 1 230 360 21 24 -1 -1 -1 0 
1469 1 230 360 21 24 -1 -1 -1 0 
1470 1 230 360 21 24 -1 -1 -1 0 
1471 1 230 360 21 24 -1 -1 -1 0 
1472 1 230 360 22 24 -1 -1 -1 0 
1473 1 230 360 22 24 -1 -1 -1 0 
1474 1 231 360 20 24 -1 -1 -1 0 
1475 1 231 360 20 24 -1 -1 -1 0 
1476 1 231 361 19 21 -1 -1 -1 0 
1477 1 233 362 16 19 -1 -1 -1 0 
1478 1 233 361 16 19 -1 -1 -1 0 
1479 1 232 360 18 20 -1 -1 -1 0 
1480 1 232 361 17 18 -1 -1 -1 0 
1481 1 232 361 17 18 -1 -1 -1 0 
1482 1 232 360 17 18 -1 -1 -1 0 
1483 1 232 360 17 18 -1 -1 -1 0 
1484 1 231 359 19 19 -1 -1 -1 0 
1485 1 232 360 18 17 -1 -1 -1 0 
1486 1 231 359 20 18 -1 -1 -1 0 
1487 1 232 360 18 16 -1 -1 -1 0 
1488 1 232 359 17 16 -1 -1 -1 0 
1489 1 232 358 17 16 -1 -1 -1 0 
1490 1 231 358 18 16 -1 -1 -1 0 
1491 1 231 357 18 16 -1 -1 -1 0 
1492 1 230 356 19 17 -1 -1 -1 0 
1493 1 230 356 19 18 -1 -1 -1 0 
1494 1 230 356 19 17 -1 -1 -1 0 
1495 1 230 355 19 18 -1 -1 -1 0 
1496 1 229 352 21 21 -1 -1 -1 0 
1497 1 228 351 23 23 -1 -1 -1 0 
1498 1 229 351 21 22 -1 -1 -1 0 
1499 1 228 350 23 24 -1 -1 -1 0 
1500 1 229 350 21 23 -1 -1 -1 0 
1501 1 228 349 23 24 -1 -1 -1 0 
1502 1 228 349 23 24 -1 -1 -1 0 
1503 1 229 348 20 24 -1 -1 -1 0 
1504 1 229 347 21 26 -1 -1 -1 0 
1505 1 229 347 21 26 -1 -1 -1 0 
1506 1 229 346 21 26 -1 -1 -1 0 
1507 1 229 346 20 25 -1 -1 -1 0 
1508 1 229 347 19 24 -1 -1 -1 0 
1509 1 228 346 21 26 -1 -1 -1 0 
1510 1 228 346 21 25 -1 -1 -1 0 
1511 1 228 346 21 25 -1 -1 -1 0 
1512 1 228 346 21 25 -1 -1 -1 0 
1513 1 228 346 21 25 -1 -1 -1 0 
1514 1 227 346 22 25 -1 -1 -1 0 
1515 1 227 346 22 25 -1 -1 -1 0 
1516 1 227 346 22 25 -1 -1 -1 0 
1517 1 227 346 22 25 -1 -1 -1 0 
1518 1 226 346 23 24 -1 -1 -1 0 
1519 1 226 347 23 23 -1 -1 -1 0 
1520 1 226 347 21 22 -1 -1 -1 0 
1521 1 225 347 24 22 -1 -1 -1 0 
1522 1 225 347 24 22 -1 -1 -1 0 
1523 1 224 347 24 22 -1 -1 -1 0 
1524 1 223 347 24 22 -1 -1 -1 0 
1525 1 222 347 25 22 -1 -1 -1 0 
1526 1 222 346 25 23 -1 -1 -1 0 
1527 1 222 345 26 25 -1 -1 -1 0 
1528 1 222 345 26 25 -1 -1 -1 0 
1529 1 222 345 24 24 -1 -1 -1 0 
1530 1 221 344 25 26 -1 -1 -1 0 
1531 1 221 344 24 25 -1 -1 -1 0 
1532 1 221 343 24 27 -1 -1 -1 0 
1533 1 220 343 24 27 -1 -1 -1 0 
1534 1 220 343 24 27 -1 -1 -1 0 
1535 1 220 343 24 27 -1 -1 -1 0 
1536 1 220 343 23 26 -1 -1 -1 0 
1537 1 219 343 23 26 -1 -1 -1 0 
1538 1 220 343 22 26 -1 -1 -1 0 
1539 1 220 343 22 25 -1 -1 -1 0 
1540 1 221 344 20 24 -1 -1 -1 0 
1541 1 220 343 21 25 -1 -1 -1 0 
1542 1 219 342 23 26 -1 -1 -1 0 
1543 1 219 342 23 26 -1 -1 -1 0 
1544 1 218 341 23 27 -1 -1 -1 0 
1545 1 217 340 25 29 -1 -1 -1 0 
1546 1 217 340 25 29 -1 -1 -1 0 
1547 1 216 339 26 29 -1 -1 -1 0 
1548 1 216 339 27 29 -1 -1 -1 0 
1549 1 217 339 25 28 -1 -1 -1 0 
1550 1 217 339 26 29 -1 -1 -1 0 
1551 1 217 340 26 27 -1 -1 -1 0 
1552 1 217 340 26 27 -1 -1 -1 0 
1553 1 217 340 25 26 -1 -1 -1 0 
1554 1 217 340 26 25 -1 -1 -1 0 
1555 1 217 340 26 25 -1 -1 -1 0 
1556 1 215 339 27 26 -1 -1 -1 0 
1557 1 215 340 26 24 -1 -1 -1 0 
1558 1 215 340 26 24 -1 -1 -1 0 
1559 1 215 340 26 24 -1 -1 -1 0 
1560 1 215 340 26 24 -1 -1 -1 0 
1561 1 214 340 26 24 -1 -1 -1 0 
1562 1 214 340 25 24 -1 -1 -1 0 
1563 1 214 340 23 24 -1 -1 -1 0 
1564 1 213 339 25 25 -1 -1 -1 0 
1565 1 213 341 23 23 -1 -1 -1 0 
1566 1 212 340 23 23 -1 -1 -1 0 
1567 1 211 339 23 24 -1 -1 -1 0 
1568 1 212 340 20 22 -1 -1 -1 0 
1569 1 211 339 21 23 -1 -1 -1 0 
1570 1 212 340 19 21 -1 -1 -1 0 
1571 1 211 339 21 22 -1 -1 -1 0 
1572 1 211 340 21 21 -1 -1 -1 0 
1573 1 211 340 20 21 -1 -1 -1 0 
1574 1 210 339 22 22 -1 -1 -1 0 
1575 1 211 340 20 20 -1 -1 -1 0 
1576 1 211 339 20 21 -1 -1 -1 0 
1577 1 209 339 23 22 -1 -1 -1 0 
1578 1 210 340 21 20 -1 -1 -1 0 
1579 1 210 340 21 20 -1 -1 -1 0 
1580 1 210 340 21 20 -1 -1 -1 0 
1581 1 209 340 22 20 -1 -1 -1 0 
1582 1 210 339 21 21 -1 -1 -1 0 
1583 1 207 339 25 22 -1 -1 -1 0 
1584 1 205 338 28 24 -1 -1 -1 0 
1585 1 205 338 28 24 -1 -1 -1 0 
1586 1 204 338 29 24 -1 -1 -1 0 
1587 1 204 338 29 24 -1 -1 -1 0 
1588 1 204 338 29 24 -1 -1 -1 0 
1589 1 203 338 29 24 -1 -1 -1 0 
1590 1 202 338 30 23 -1 -1 -1 0 
1591 1 202 337 28 23 -1 -1 -1 0 
1592 1 203 335 26 24 -1 -1 -1 0 
1593 1 201 334 28 25 -1 -1 -1 0 
1594 1 202 334 27 25 -1 -1 -1 0 
1595 1 201 334 28 25 -1 -1 -1 0 
1596 1 202 334 25 24 -1 -1 -1 0 
1597 1 200 333 28 25 -1 -1 -1 0 
1598 1 201 333 26 25 -1 -1 -1 0 
1599 1 201 333 23 24 -1 -1 -1 0 
1600 1 201 333 23 24 -1 -1 -1 0 
1601 1 201 333 21 23 -1 -1 -1 0 
1602 1 202 334 19 22 -1 -1 -1 0 
1603 1 201 333 20 23 -1 -1 -1 0 
1604 1 201 333 19 21 -1 -1 -1 0 
1605 1 201 333 19 20 -1 -1 -1 0 
1606 1 201 333 19 21 -1 -1 -1 0 
1607 1 201 333 19 21 -1 -1 -1 0 
1608 1 201 333 19 21 -1 -1 -1 0 
1609 1 200 332 21 22 -1 -1 -1 0 
1610 1 199 331 24 23 -1 -1 -1 0 
1611 1 199 331 24 22 -1 -1 -1 0 
1612 1 200 332 22 20 -1 -1 -1 0 
1613 1 200 332 22 21 -1 -1 -1 0 
1614 1 200 331 23 22 -1 -1 -1 0 
1615 1 199 331 26 22 -1 -1 -1 0 
1616 1 199 330 26 22 -1 -1 -1 0 
1617 1 197 330 23 21 -1 -1 -1 0 
1618 1 197 330 22 20 -1 -1 -1 0 
1619 1 197 331 21 20 -1 -1 -1 0 
1620 1 197 332 19 18 -1 -1 -1 0 
1621 1 198 333 17 16 -1 -1 -1 0 
1622 1 197 332 18 16 -1 -1 -1 0 
1623 1 197 332 18 15 -1 -1 -1 0 
1624 1 198 333 16 14 -1 -1 -1 0 
1625 1 197 331 18 15 -1 -1 -1 0 
1626 1 197 327 17 18 -1 -1 -1 0 
1629 1 191 321 18 18 -1 -1 -1 0 
1630 1 191 321 17 18 -1 -1 -1 0 
1631 1 191 320 18 19 -1 -1 -1 0 
1632 1 191 321 17 18 -1 -1 -1 0 
1633 1 190 320 18 20 -1 -1 -1 0 
1634 1 191 320 17 20 -1 -1 -1 0 
1635 1 190 320 18 20 -1 -1 -1 0 
1636 1 190 320 18 20 -1 -1 -1 0 
1637 1 190 320 18 19 -1 -1 -1 0 
1638 1 191 320 16 18 -1 -1 -1 0 
1639 1 190 320 19 19 -1 -1 -1 0 
1640 1 191 320 18 19 -1 -1 -1 0 
1641 1 191 321 17 17 -1 -1 -1 0 
1642 1 191 320 17 18 -1 -1 -1 0 
1643 1 191 320 18 18 -1 -1 -1 0 
1644 1 190 320 19 19 -1 -1 -1 0 
1645 1 188 319 22 20 -1 -1 -1 0 
1646 1 188 319 21 18 -1 -1 -1 0 
1647 1 188 319 20 17 -1 -1 -1 0 
1648 1 189 320 18 17 -1 -1 -1 0 
1649 1 188 319 20 17 -1 -1 -1 0 
1650 1 191 319 17 16 -1 -1 -1 0 
1652 1 190 320 16 14 -1 -1 -1 0 
1653 1 193 319 14 15 -1 -1 -1 0 
1654 1 189 319 18 16 -1 -1 -1 0 
1655 1 184 318 22 17 -1 -1 -1 0 
1656 1 185 316 20 19 -1 -1 -1 0 
1657 1 183 311 22 23 -1 -1 -1 0 
1658 1 183 309 21 22 -1 -1 -1 0 
1659 1 182 309 19 21 -1 -1 -1 0 
1660 1 182 309 18 20 -1 -1 -1 0 
1661 1 181 308 20 21 -1 -1 -1 0 
1662 1 181 309 19 20 -1 -1 -1 0 
1663 1 182 309 17 19 -1 -1 -1 0 
1664 1 181 307 19 21 -1 -1 -1 0 
1665 1 181 307 17 20 -1 -1 -1 0 
1666 1 181 307 17 20 -1 -1 -1 0 
1667 1 181 305 16 20 -1 -1 -1 0 
1668 1 180 302 17 24 -1 -1 -1 0 
1669 1 180 300 19 26 -1 -1 -1 0 
1670 1 180 299 19 27 -1 -1 -1 0 
1671 1 179 298 22 28 -1 -1 -1 0 
1672 1 179 298 22 28 -1 -1 -1 0 
1673 1 178 298 23 27 -1 -1 -1 0 
1674 1 178 297 22 26 -1 -1 -1 0 
1675 1 177 297 24 26 -1 -1 -1 0 
1676 1 178 297 22 25 -1 -1 -1 0 
1677 1 177 296 24 27 -1 -1 -1 0 
1678 1 177 296 24 27 -1 -1 -1 0 
1679 1 176 296 25 27 -1 -1 -1 0 
1680 1 175 297 26 25 -1 -1 -1 0 
1681 1 176 296 23 25 -1 -1 -1 0 
1682 1 176 297 22 23 -1 -1 -1 0 
1683 1 175 296 22 24 -1 -1 -1 0 
1684 1 176 297 20 22 -1 -1 -1 0 
1685 1 174 296 22 23 -1 -1 -1 0 
1686 1 174 296 22 23 -1 -1 -1 0 
1687 1 174 295 21 23 -1 -1 -1 0 
1688 1 172 293 23 25 -1 -1 -1 0 
1689 1 172 291 22 24 -1 -1 -1 0 
1690 1 172 291 21 23 -1 -1 -1 0 
1691 1 173 291 20 23 -1 -1 -1 0 
1692 1 173 290 20 24 -1 -1 -1 0 
1693 1 172 289 22 25 -1 -1 -1 0 
1694 1 172 289 22 25 -1 -1 -1 0 
1695 1 172 290 22 24 -1 -1 -1 0 
1696 1 173 291 20 22 -1 -1 -1 0 
1697 1 172 290 22 23 -1 -1 -1 0 
1698 1 173 289 20 23 -1 -1 -1 0 
1699 1 173 288 21 24 -1 -1 -1 0 
1700 1 172 286 23 25 -1 -1 -1 0 
1701 1 172 285 23 25 -1 -1 -1 0 
1702 1 173 286 21 24 -1 -1 -1 0 
1703 1 172 285 22 25 -1 -1 -1 0 
1704 1 172 284 22 25 -1 -1 -1 0 
1705 1 172 284 21 24 -1 -1 -1 0 
1706 1 171 283 22 25 -1 -1 -1 0 
1707 1 170 282 24 26 -1 -1 -1 0 
1708 1 170 282 24 26 -1 -1 -1 0 
1709 1 170 282 23 26 -1 -1 -1 0 
1710 1 168 282 26 27 -1 -1 -1 0 
1711 1 169 281 24 26 -1 -1 -1 0 
1712 1 168 280 25 27 -1 -1 -1 0 
1713 1 167 281 28 26 -1 -1 -1 0 
1714 1 167 281 27 26 -1 -1 -1 0 
1715 1 167 281 27 25 -1 -1 -1 0 
1716 1 167 281 26 24 -1 -1 -1 0 
1717 1 167 282 26 23 -1 -1 -1 0 
1718 1 168 281 23 22 -1 -1 -1 0 
1719 1 167 280 22 22 -1 -1 -1 0 
1720 1 167 280 22 22 -1 -1 -1 0 
1721 1 167 279 22 22 -1 -1 -1 0 
1722 1 166 278 23 22 -1 -1 -1 0 
1723 1 165 277 24 23 -1 -1 -1 0 
1724 1 165 277 21 21 -1 -1 -1 0 
1725 1 164 277 21 21 -1 -1 -1 0 
1726 1 164 277 21 21 -1 -1 -1 0 
1727 1 164 275 21 22 -1 -1 -1 0 
1728 1 164 274 22 23 -1 -1 -1 0 
1729 1 163 273 23 25 -1 -1 -1 0 
1730 1 162 272 25 27 -1 -1 -1 0 
1731 1 162 272 25 26 -1 -1 -1 0 
1732 1 162 272 25 26 -1 -1 -1 0 
1733 1 162 272 26 26 -1 -1 -1 0 
1734 1 161 272 27 26 -1 -1 -1 0 
1735 1 160 273 28 25 -1 -1 -1 0 
1736 1 160 273 27 24 -1 -1 -1 0 
1737 1 159 273 30 25 -1 -1 -1 0 
1738 1 158 273 31 25 -1 -1 -1 0 
1739 1 159 273 28 24 -1 -1 -1 0 
1740 1 157 271 31 26 -1 -1 -1 0 
1741 1 158 271 29 25 -1 -1 -1 0 
1742 1 157 270 29 26 -1 -1 -1 0 
1743 1 157 270 29 26 -1 -1 -1 0 
1744 1 156 270 30 26 -1 -1 -1 0 
1745 1 156 269 28 25 -1 -1 -1 0 
1746 1 156 269 26 24 -1 -1 -1 0 
1747 1 157 268 23 24 -1 -1 -1 0 
1748 1 156 267 23 25 -1 -1 -1 0 
1749 1 155 266 24 25 -1 -1 -1 0 
1750 1 155 266 23 24 -1 -1 -1 0 
1751 1 156 266 21 24 -1 -1 -1 0 
1752 1 154 265 23 25 -1 -1 -1 0 
1753 1 154 265 22 24 -1 -1 -1 0 
1754 1 154 266 22 23 -1 -1 -1 0 
1755 1 153 266 23 23 -1 -1 -1 0 
1756 1 153 266 23 23 -1 -1 -1 0 
1757 1 153 265 23 24 -1 -1 -1 0 
1758 1 154 266 22 23 -1 -1 -1 0 
1759 1 153 265 24 24 -1 -1 -1 0 
1760 1 154 266 22 22 -1 -1 -1 0 
1761 1 153 266 23 23 -1 -1 -1 0 
1762 1 152 266 24 23 -1 -1 -1 0 
1763 1 152 266 26 23 -1 -1 -1 0 
1764 1 152 267 25 21 -1 -1 -1 0 
1765 1 151 266 25 22 -1 -1 -1 0 
1766 1 149 265 29 23 -1 -1 -1 0 
1767 1 150 266 26 21 -1 -1 -1 0 
1768 1 150 266 26 21 -1 -1 -1 0 
1769 1 150 265 26 22 -1 -1 -1 0 
1770 1 148 264 28 23 -1 -1 -1 0 
1771 1 149 264 27 23 -1 -1 -1 0 
1772 1 148 264 24 22 -1 -1 -1 0 
1773 1 148 264 22 20 -1 -1 -1 0 
1774 1 149 265 20 18 -1 -1 -1 0 
1775 1 148 264 21 19 -1 -1 -1 0 
1776 1 148 264 22 19 -1 -1 -1 0 
1777 1 148 263 22 20 -1 -1 -1 0 
1778 1 147 263 23 21 -1 -1 -1 0 
1779 1 147 263 21 19 -1 -1 -1 0 
1780 1 147 263 21 19 -1 -1 -1 0 
1781 1 148 264 19 17 -1 -1 -1 0 
1785 1 147 261 19 18 -1 -1 -1 0 
1787 1 145 261 20 17 -1 -1 -1 0 
1788 1 145 260 18 18 -1 -1 -1 0 
1789 1 144 259 20 19 -1 -1 -1 0 
1790 1 145 260 18 17 -1 -1 -1 0 
1838 1 147 261 18 18 -1 -1 -1 0 
1840 5 237 127 15 13 -1 -1 -1 0 
1841 5 235 127 18 14 -1 -1 -1 0 
1856 5 232 130 20 14 -1 -1 -1 0 
1860 5 234 131 18 14 -1 -1 -1 0 
1861 5 234 130 19 16 -1 -1 -1 0 
1872 1 133 260 16 18 -1 -1 -1 0 
1872 5 234 130 18 15 -1 -1 -1 0 
1873 1 131 261 18 17 -1 -1 -1 0 
1874 1 131 262 17 15 -1 -1 -1 0 
1875 1 132 261 16 16 -1 -1 -1 0 
1876 1 132 262 15 14 -1 -1 -1 0 
1877 1 132 262 17 15 -1 -1 -1 0 
1878 1 132 262 17 15 -1 -1 -1 0 
1879 1 132 262 18 15 -1 -1 -1 0 
1880 1 133 262 16 15 -1 -1 -1 0 
1881 1 132 262 17 15 -1 -1 -1 0 
1882 1 132 262 17 15 -1 -1 -1 0 
1883 1 132 260 17 22 -1 -1 -1 0 
1884 1 132 261 18 18 -1 -1 -1 0 
1885 1 132 261 18 18 -1 -1 -1 0 
1886 1 133 261 18 19 -1 -1 -1 0 
1887 1 133 261 20 24 -1 -1 -1 0 
1888 1 133 261 20 24 -1 -1 -1 0 
1889 1 132 260 23 25 -1 -1 -1 0 
1890 1 132 260 23 25 -1 -1 -1 0 
1891 1 132 260 23 25 -1 -1 -1 0 
1892 1 134 262 21 22 -1 -1 -1 0 
1893 1 134 262 20 22 -1 -1 -1 0 
1894 1 134 262 20 22 -1 -1 -1 0 
1895 1 134 262 20 22 -1 -1 -1 0 
1896 1 134 262 19 21 -1 -1 -1 0 
1901 1 132 263 17 21 -1 -1 -1 0 
1904 1 131 263 18 22 -1 -1 -1 0 
1904 5 130 263 19 16 -1 -1 -1 0 
1915 1 130 264 18 20 -1 -1 -1 0 
1915 5 124 269 18 16 -1 -1 -1 0 
1916 1 130 265 17 19 -1 -1 -1 0 
1916 5 132 267 15 16 -1 -1 -1 0 
1919 5 129 272 16 17 -1 -1 -1 0 
1924 6 228 126 20 16 -1 -1 -1 0 
1926 1 142 267 18 15 -1 -1 -1 0 
1926 6 228 128 19 14 -1 -1 -1 0 
1927 1 142 267 18 14 -1 -1 -1 0 
1928 1 144 268 15 13 -1 -1 -1 0 
1929 1 143 267 17 14 -1 -1 -1 0 
1930 1 144 268 15 13 -1 -1 -1 0 
1931 1 144 268 17 14 -1 -1 -1 0 
1938 1 138 268 15 14 -1 -1 -1 0 
1941 1 138 268 15 14 -1 -1 -1 0 
1941 5 131 266 17 18 -1 -1 -1 0 
1942 5 131 266 17 18 -1 -1 -1 0 
1943 5 130 266 18 18 -1 -1 -1 0 
1944 5 131 265 17 18 -1 -1 -1 0 
1947 5 131 266 16 17 -1 -1 -1 0 
1953 5 130 270 16 14 -1 -1 -1 0 
1954 5 130 270 16 14 -1 -1 -1 0 
1955 5 131 270 14 13 -1 -1 -1 0 
1956 5 132 270 13 13 -1 -1 -1 0 
1959 5 132 271 14 13 -1 -1 -1 0 
1960 1 227 123 17 15 -1 -1 -1 0 
1961 1 233 114 18 16 -1 -1 -1 0 
1961 5 137 269 12 14 -1 -1 -1 0 
1962 1 227 122 18 16 -1 -1 -1 0 
1962 5 138 270 11 13 -1 -1 -1 0 
1963 1 227 122 17 15 -1 -1 -1 0 
1964 1 227 121 18 16 -1 -1 -1 0 
1965 1 225 121 21 16 -1 -1 -1 0 
1966 1 226 122 19 15 -1 -1 -1 0 
1967 1 227 121 18 15 -1 -1 -1 0 
1968 1 226 121 19 16 -1 -1 -1 0 
1969 1 225 121 21 17 -1 -1 -1 0 
1975 1 224 121 21 16 -1 -1 -1 0 
1976 1 224 122 21 16 -1 -1 -1 0 
1977 1 227 122 20 15 -1 -1 -1 0 
1977 5 140 270 16 14 -1 -1 -1 0 
1978 5 139 269 18 16 -1 -1 -1 0 
1979 5 139 271 17 15 -1 -1 -1 0 
1980 5 139 271 16 16 -1 -1 -1 0 
1981 5 139 271 16 17 -1 -1 -1 0 
1985 1 225 122 19 15 -1 -1 -1 0 
1985 5 139 271 16 17 -1 -1 -1 0 
1987 1 224 122 22 16 -1 -1 -1 0 
1988 1 225 123 22 15 -1 -1 -1 0 
1988 5 132 269 18 18 -1 -1 -1 0 
1989 5 130 270 21 20 -1 -1 -1 0 
1990 5 130 270 21 20 -1 -1 -1 0 
1991 5 130 270 20 21 -1 -1 -1 0 
1992 5 130 271 21 21 -1 -1 -1 0 
1997 5 130 272 20 20 -1 -1 -1 0 
1998 5 131 273 18 19 -1 -1 -1 0 
1999 5 130 272 21 21 -1 -1 -1 0 
2000 5 130 272 21 21 -1 -1 -1 0 
2001 5 130 272 22 21 -1 -1 -1 0 
2002 5 130 272 22 21 -1 -1 -1 0 
2003 5 131 273 20 21 -1 -1 -1 0 
2004 1 227 122 20 15 -1 -1 -1 0 
2004 5 130 273 21 22 -1 -1 -1 0 
2005 1 228 123 18 15 -1 -1 -1 0 
2006 1 228 123 18 16 -1 -1 -1 0 
2006 5 131 274 22 22 -1 -1 -1 0 
2007 5 131 274 22 22 -1 -1 -1 0 
2008 5 132 275 20 21 -1 -1 -1 0 
2009 5 131 274 22 22 -1 -1 -1 0 
2010 5 131 274 23 21 -1 -1 -1 0 
2011 5 133 275 21 21 -1 -1 -1 0 
2012 5 133 274 24 22 -1 -1 -1 0 
2013 5 133 275 25 20 -1 -1 -1 0 
2014 5 133 275 25 20 -1 -1 -1 0 
2015 5 133 275 25 19 -1 -1 -1 0 
2016 5 134 276 23 18 -1 -1 -1 0 
2017 5 135 276 22 18 -1 -1 -1 0 
2018 5 134 276 23 18 -1 -1 -1 0 
2019 5 134 276 23 19 -1 -1 -1 0 
2020 5 134 276 23 19 -1 -1 -1 0 
2021 5 132 275 26 21 -1 -1 -1 0 
2022 5 133 275 25 21 -1 -1 -1 0 
2023 5 133 275 25 20 -1 -1 -1 0 
2024 5 133 275 25 20 -1 -1 -1 0 
2025 5 134 276 23 18 -1 -1 -1 0 
2026 5 134 276 23 18 -1 -1 -1 0 
2027 5 133 276 25 19 -1 -1 -1 0 
2028 5 134 276 23 18 -1 -1 -1 0 
2029 5 134 276 24 19 -1 -1 -1 0 
2030 5 134 276 23 18 -1 -1 -1 0 
2031 5 134 276 23 19 -1 -1 -1 0 
2032 5 133 275 25 20 -1 -1 -1 0 
2033 5 134 276 24 20 -1 -1 -1 0 
2034 5 134 276 23 19 -1 -1 -1 0 
2035 5 134 276 24 20 -1 -1 -1 0 
2036 5 134 276 24 19 -1 -1 -1 0 
2037 5 135 276 23 19 -1 -1 -1 0 
2038 5 136 277 21 17 -1 -1 -1 0 
2039 5 135 277 22 17 -1 -1 -1 0 
2040 5 136 277 20 17 -1 -1 -1 0 
2041 5 136 277 20 17 -1 -1 -1 0 
2042 5 136 277 20 17 -1 -1 -1 0 
2043 5 136 277 20 17 -1 -1 -1 0 
2044 5 136 277 20 17 -1 -1 -1 0 
2045 5 136 277 20 17 -1 -1 -1 0 
2046 5 136 277 20 17 -1 -1 -1 0 
2047 5 136 277 20 17 -1 -1 -1 0 
2048 5 132 277 24 18 -1 -1 -1 0 
2049 5 132 277 24 18 -1 -1 -1 0 
2050 5 131 276 26 20 -1 -1 -1 0 
2051 5 131 276 26 20 -1 -1 -1 0 
2052 5 131 276 26 20 -1 -1 -1 0 
2053 5 132 276 25 20 -1 -1 -1 0 
2054 5 132 276 25 20 -1 -1 -1 0 
2055 5 132 276 25 20 -1 -1 -1 0 
2056 5 132 276 25 20 -1 -1 -1 0 
2057 5 132 277 23 19 -1 -1 -1 0 
2058 5 132 277 23 19 -1 -1 -1 0 
2059 5 133 278 22 17 -1 -1 -1 0 
2060 5 133 278 21 17 -1 -1 -1 0 
2061 5 133 278 21 17 -1 -1 -1 0 
2062 5 133 278 21 17 -1 -1 -1 0 
2063 5 133 278 21 17 -1 -1 -1 0 
2064 5 133 278 21 17 -1 -1 -1 0 
2065 5 133 278 21 17 -1 -1 -1 0 
2066 5 133 278 21 17 -1 -1 -1 0 
2067 5 132 278 22 17 -1 -1 -1 0 
2068 5 132 278 22 17 -1 -1 -1 0 
2069 5 132 278 22 17 -1 -1 -1 0 
2070 5 132 278 22 17 -1 -1 -1 0 
2071 5 132 278 22 17 -1 -1 -1 0 
2072 5 132 278 23 18 -1 -1 -1 0 
2073 5 133 278 23 17 -1 -1 -1 0 
2074 5 133 278 21 17 -1 -1 -1 0 
2075 5 132 278 23 18 -1 -1 -1 0 
2076 5 133 278 21 17 -1 -1 -1 0 
2077 5 132 278 23 18 -1 -1 -1 0 
2078 5 132 278 23 18 -1 -1 -1 0 
2079 5 133 278 22 19 -1 -1 -1 0 
2080 5 133 278 22 19 -1 -1 -1 0 
2081 5 133 278 22 20 -1 -1 -1 0 
2082 5 131 278 24 19 -1 -1 -1 0 
2083 5 131 278 24 19 -1 -1 -1 0 
2084 5 132 279 22 18 -1 -1 -1 0 
2085 5 130 278 25 21 -1 -1 -1 0 
2086 5 130 278 25 21 -1 -1 -1 0 
2087 5 128 278 27 24 -1 -1 -1 0 
2088 5 128 277 28 26 -1 -1 -1 0 
2089 5 128 278 27 25 -1 -1 -1 0 
2090 5 128 278 28 25 -1 -1 -1 0 
2091 5 130 278 26 25 -1 -1 -1 0 
